Multiple size <= 100
TEST 33 ARG:72 45 36 46 4 26 59 77 91 42 94 31 44 37 41 76 54 22 60 82 97 66 73 16 29 3 50 51 39 65 8 52 95 84 98 12 64 19 90 27 35 13 33 30 10 79 25 14 18 34 28 62 96 78 87 67 71 81 89 55 86 92 11 43 0 21 38 85 58 15 5 69 47 48 83 17 6 24 70 32 68 61 56 99 75 49 23 9 1 80 7 63 88 2 93 40 57 53 20 74 
TEST 42 ARG:21 0 51 31 39 91 73 61 35 22 48 57 45 69 43 8 2 67 86 37 49 10 32 84 29 99 81 25 64 97 7 5 55 38 44 33 77 11 76 47 85 40 93 87 78 98 34 41 50 54 92 19 6 96 79 62 75 16 24 72 14 88 74 46 26 94 3 4 18 65 9 89 17 56 23 82 30 52 58 53 15 95 68 28 59 42 13 70 83 27 80 63 66 1 90 20 71 36 60 12 
TEST 48 ARG:11 0 96 71 64 68 8 94 72 89 34 66 37 87 51 84 41 86 25 38 18 12 2 3 5 90 27 62 98 35 23 24 97 80 61 22 77 60 6 26 57 19 31 44 78 53 95 81 17 65 58 36 55 50 1 52 28 91 63 69 56 54 85 48 42 59 92 46 15 76 88 32 16 43 21 20 10 47 39 75 70 4 79 33 30 93 74 82 14 9 67 29 13 45 7 99 40 83 73 49 
TEST 53 ARG:7 69 35 50 17 40 30 61 51 77 89 81 95 18 28 25 44 59 54 20 99 70 24 0 71 12 4 10 21 26 27 19 60 64 97 84 9 94 91 88 38 32 29 93 98 55 57 48 3 8 66 62 82 72 78 37 68 33 73 13 14 85 67 23 15 34 31 6 1 2 87 76 96 90 52 58 86 45 49 80 11 41 43 63 83 92 79 65 16 74 39 46 56 47 36 53 75 5 22 42 
TEST 57 ARG:54 88 73 31 93 33 85 37 59 16 51 23 86 3 18 91 38 40 92 68 80 65 1 57 39 78 76 32 27 20 77 66 26 61 75 52 10 4 62 34 45 15 35 72 8 17 25 28 96 71 94 50 87 44 42 55 83 41 70 24 14 74 64 19 56 30 82 29 99 90 89 97 95 21 22 48 12 43 2 36 63 84 11 0 49 9 53 46 7 13 98 67 58 69 60 81 79 5 6 47 
TEST 62 ARG:25 8 23 79 76 42 16 33 88 36 80 71 62 30 63 56 7 24 19 4 92 52 70 59 18 34 49 9 78 84 37 0 74 51 96 91 27 54 32 44 81 67 68 94 3 12 22 89 65 82 20 95 53 60 46 66 26 28 83 85 45 11 35 50 90 93 87 21 10 43 69 2 99 72 57 77 29 13 39 41 73 75 97 40 98 17 5 38 47 86 15 1 48 31 14 64 61 6 58 55 
TEST 63 ARG:95 11 86 41 96 33 16 23 52 58 62 48 98 21 31 78 2 72 9 68 77 88 8 87 36 39 92 4 40 79 85 60 50 49 75 97 53 84 90 28 45 0 63 43 24 1 99 83 42 3 10 6 15 73 55 82 44 29 74 38 46 94 27 93 34 65 71 76 32 54 37 20 25 35 61 80 67 30 13 51 69 12 26 59 81 57 47 18 19 5 70 89 56 22 91 66 17 64 7 14 
TEST 70 ARG:93 45 76 32 66 13 89 69 67 79 81 43 91 87 34 41 7 36 44 92 21 51 30 8 84 94 61 0 42 37 98 74 59 14 20 10 24 2 54 58 26 47 85 57 27 90 9 99 97 63 60 71 78 1 62 12 72 70 39 33 55 5 49 95 77 15 52 25 56 53 83 17 23 75 6 96 35 16 88 29 46 64 3 50 86 31 22 80 65 73 28 40 82 11 4 68 18 48 38 19 
TEST 77 ARG:88 68 14 53 61 35 16 96 8 70 43 50 84 33 5 51 67 49 83 76 69 21 48 47 25 10 34 91 3 27 26 87 85 89 81 9 42 57 86 80 58 39 24 78 97 77 12 66 29 22 1 15 93 7 20 59 99 73 37 63 19 71 75 18 23 0 98 79 38 32 65 90 74 6 55 62 28 82 17 72 13 52 30 46 95 56 64 54 40 60 92 36 4 94 31 41 44 45 2 11 
TEST 84 ARG:43 45 48 16 51 26 38 95 34 58 92 64 83 19 82 10 41 86 31 80 33 67 65 91 74 79 24 94 49 70 28 85 44 55 37 76 21 18 62 7 75 69 71 78 42 3 63 35 15 96 40 2 52 5 68 30 56 57 72 97 14 17 60 88 90 8 4 9 50 89 39 29 13 46 81 32 27 84 93 1 99 6 73 11 0 25 54 87 61 47 98 59 66 23 36 53 20 12 77 22 
TEST 103 ARG:36 85 24 22 84 18 43 71 8 52 12 50 98 53 78 26 41 7 58 74 69 94 65 45 60 47 40 92 83 4 91 99 33 67 68 63 42 55 31 51 5 56 62 27 11 20 2 73 79 37 89 86 6 21 87 61 64 15 19 10 0 1 14 44 39 97 76 80 13 72 90 49 96 34 29 46 25 16 38 32 70 88 82 28 77 75 35 9 57 59 66 48 95 3 30 93 17 23 54 81 
TEST 112 ARG:10 45 24 94 40 58 73 38 88 89 16 69 92 63 76 12 66 78 47 34 56 84 21 90 8 48 57 49 3 9 80 86 50 71 61 74 35 85 19 87 27 18 25 42 11 26 70 75 64 2 98 65 23 79 59 46 83 39 7 55 77 32 36 99 93 97 6 53 62 37 14 91 0 95 22 44 43 33 13 30 17 31 5 20 1 82 15 60 41 29 68 96 81 54 67 51 72 52 4 28 
TEST 125 ARG:36 87 4 85 95 63 84 33 15 6 29 18 2 12 69 80 61 88 0 97 83 49 65 64 45 40 34 19 48 79 23 90 59 71 46 74 60 26 20 25 77 37 11 21 86 42 47 70 56 38 53 52 78 16 10 51 28 68 31 30 35 39 13 8 96 1 94 3 24 92 54 72 91 99 57 75 98 67 62 43 93 73 17 22 32 14 82 55 7 41 27 58 81 44 89 9 66 5 50 76 
TEST 128 ARG:36 86 93 61 81 33 19 91 38 34 69 54 96 2 43 39 21 88 40 58 79 32 50 18 49 62 15 85 72 8 74 71 95 78 56 87 37 94 22 76 31 77 27 29 59 1 25 92 35 80 41 52 57 0 73 26 75 10 65 20 68 64 9 46 5 28 24 17 97 23 7 67 12 4 16 83 55 13 84 53 89 90 3 45 99 70 44 66 42 98 11 51 63 30 60 47 14 6 82 48 
TEST 134 ARG:31 75 62 93 98 43 76 18 52 3 92 13 6 71 85 80 74 19 79 1 78 83 27 61 70 41 90 94 60 39 24 16 56 64 73 33 15 51 28 25 12 10 17 72 23 46 20 49 59 82 53 26 22 8 58 7 81 57 37 97 88 21 63 36 65 99 5 91 96 32 4 66 84 14 35 44 50 11 87 68 40 95 29 67 38 9 34 55 2 30 45 77 89 0 69 86 42 54 47 48 
TEST 135 ARG:68 39 29 33 41 10 1 81 74 23 72 51 36 75 94 92 52 84 26 8 47 53 16 90 96 58 28 87 82 67 20 77 31 66 34 62 22 0 80 71 63 24 35 86 61 69 42 18 9 48 50 65 56 76 91 57 6 12 49 70 73 46 64 43 89 59 32 85 99 14 55 79 44 40 37 97 60 45 25 54 88 95 38 4 78 93 98 5 11 27 13 19 17 2 3 7 83 21 30 15 
TEST 144 ARG:83 81 85 14 24 79 73 45 20 43 36 5 71 41 92 69 32 26 42 7 90 46 50 66 77 63 97 39 93 78 70 67 38 0 30 60 64 62 49 80 13 37 91 47 40 89 34 57 33 12 84 9 96 1 82 19 23 35 15 95 98 11 16 51 59 61 68 99 55 52 44 25 94 17 27 56 29 58 76 18 54 6 87 65 31 8 86 4 53 72 2 22 10 28 88 74 48 21 3 75 
TEST 155 ARG:73 43 57 99 62 42 1 16 71 18 69 70 93 95 96 51 54 10 53 89 60 58 49 28 90 75 21 63 65 40 20 68 38 34 66 44 52 48 87 9 12 59 47 33 91 79 56 37 14 61 25 15 0 45 36 17 23 98 26 72 67 13 92 46 83 31 24 55 77 30 81 86 32 88 64 8 5 84 11 97 4 22 94 78 2 29 50 80 35 7 39 41 76 82 6 3 74 85 19 27 
TEST 160 ARG:70 34 21 12 31 65 27 25 19 63 86 66 77 72 87 8 3 37 10 89 84 5 94 2 73 50 1 56 49 99 85 35 43 52 98 24 51 91 23 64 46 47 67 40 13 80 79 82 41 58 32 39 76 78 57 15 62 88 14 74 68 71 22 55 16 36 30 9 29 4 61 59 38 97 95 96 28 81 44 45 54 90 93 20 42 33 7 83 48 11 60 26 53 75 92 6 69 17 18 0 
TEST 176 ARG:64 18 4 11 63 32 33 27 57 74 76 69 35 12 24 86 52 78 77 87 37 45 58 23 36 99 46 92 71 47 34 56 15 72 8 14 19 79 48 41 20 3 65 22 81 83 39 13 17 50 91 60 7 42 55 66 97 38 6 84 40 53 51 90 89 75 80 16 0 28 21 85 67 70 44 94 61 96 9 29 95 1 26 49 54 82 2 30 73 43 93 98 88 68 59 10 25 31 5 62 
TEST 192 ARG:17 73 90 62 8 91 39 10 49 69 33 24 21 32 51 22 95 44 68 86 76 52 7 72 14 81 1 82 85 25 35 63 64 71 65 94 92 34 59 80 11 13 74 43 20 61 18 12 79 36 96 67 4 23 46 93 77 42 48 97 47 83 15 29 37 0 54 26 58 6 3 55 28 5 78 84 50 56 45 89 99 27 38 41 98 60 66 19 30 57 9 31 16 53 70 2 87 40 88 75 
TEST 197 ARG:28 88 97 91 46 31 87 12 96 71 32 30 13 39 95 27 8 45 40 65 34 57 56 68 53 19 78 98 15 58 7 73 62 29 25 21 70 63 77 20 9 23 43 81 51 5 64 59 92 74 4 60 54 6 75 49 10 94 44 67 80 93 1 3 18 17 16 2 82 84 35 86 48 42 41 55 61 36 33 11 85 22 26 50 89 14 47 83 37 79 38 72 0 76 90 66 52 99 24 69 
Multiple size <= 500
TEST 1 ARG:242 -58 120 129 -142 34 -1 89 -201 -100 195 19 46 56 99 103 61 126 209 -164 -229 -17 50 205 225 194 160 -19 -112 33 -226 -175 115 -196 93 -181 -55 -185 -3 -146 27 163 -149 49 -86 5 153 -130 81 40 -235 95 30 47 208 -241 186 211 98 130 71 167 232 -40 74 233 6 0 96 102 -109 -249 175 20 86 -49 -75 109 -54 -195 42 -126 64 -7 -202 85 -37 -68 -12 239 -158 97 -127 -147 -103 90 151 135 22 -145 37 -96 -213 -227 133 84 -114 176 -21 7 -111 165 -184 112 -209 -246 134 180 193 -167 108 -239 127 -222 184 -113 140 183 -22 -132 229 76 -180 -51 159 148 -123 -57 -207 119 -163 29 -218 23 207 -14 164 236 230 -99 2 -29 -70 -52 246 -28 -236 -38 -44 178 -32 210 77 75 -143 24 1 17 -26 80 -2 244 -215 -121 202 191 -45 69 237 201 -110 -34 219 59 25 172 -66 73 -107 62 -9 -102 218 104 -162 -27 -124 -190 -217 114 -5 215 -177 82 145 -178 68 -73 113 -134 187 58 -148 -105 60 101 -95 143 213 -108 -31 223 152 -62 -131 -35 52 -189 44 -89 -198 -140 173 9 156 240 -243 139 -220 -169 -182 94 212 -144 111 -82 -221 155 21 214 234 -20 -43 -118 141 -60 235 -80 138 125 66 67 243 72 122 -234 -208 197 -79 168 -191 -106 83 247 -230 157 -72 -203 124 -156 -90 -197 222 -244 16 -242 -56 15 137 -233 87 -133 -13 -84 13 -228 166 -53 142 -225 189 -59 -116 190 238 -248 -136 -174 -91 -172 177 -231 -101 -214 -171 -16 8 -39 -93 -6 -76 -155 -165 -67 48 18 -183 -223 11 -71 174 78 -212 43 -160 128 162 117 14 65 -176 -23 248 -119 154 -168 -78 -206 149 -173 227 100 39 196 41 -135 181 -24 -187 -120 -11 220 -47 169 -152 -50 -188 -247 -199 -138 28 45 -48 -41 -74 107 170 3 -141 -10 -232 249 -104 -224 245 123 -205 26 -216 -77 118 -115 -250 32 -245 -97 -125 161 -186 -87 -85 -194 10 116 199 221 171 -4 -154 -25 -64 4 -117 -30 136 198 -150 63 -42 -153 91 224 53 -170 -240 185 217 -36 -238 -129 182 131 -179 55 -157 241 12 31 -65 188 -210 -81 -18 88 -88 -166 -98 57 121 79 -193 216 -69 -211 -151 -83 158 -192 -219 -204 132 106 147 -92 -137 203 35 51 204 -61 38 -139 226 192 110 231 200 206 -122 -15 -63 -128 92 -159 -46 -200 150 228 70 -33 105 -8 54 179 -237 146 36 144 -94 -161 
TEST 2 ARG:34 -16 -124 179 123 188 -121 30 50 222 -74 -220 168 -237 156 101 80 178 84 -23 38 23 -235 -165 132 -196 105 57 -113 -225 184 35 91 -136 151 206 200 -173 137 44 -238 223 -214 79 -199 166 -104 119 56 -41 -18 -20 45 170 -242 226 -166 180 40 242 -153 -120 -45 -184 -231 185 212 27 203 -13 153 -126 66 210 110 114 -105 16 -230 37 -224 -194 77 241 -132 194 -192 -221 -204 22 102 -125 87 78 -110 -198 133 1 152 -79 89 -61 138 -28 -249 -30 -6 -236 220 233 -172 -67 -203 186 -213 -101 120 67 -228 13 -102 39 88 183 -106 -57 -65 131 -195 130 -83 -208 -131 -177 175 49 -135 -247 -134 -107 196 -68 139 -205 61 -181 -144 -161 2 142 246 -188 -78 122 -211 -160 154 155 205 -158 113 100 64 -243 182 -223 109 -117 -24 221 5 -137 -55 -207 98 236 126 62 -12 -248 -215 249 76 70 -77 -27 -130 147 -51 225 -9 167 244 -64 118 -212 -170 -164 -148 74 -58 28 -169 165 150 -75 12 -118 7 -84 94 93 48 214 -197 17 -129 -43 240 -90 -71 -145 -111 -151 -49 143 -147 134 232 -218 -99 -116 234 42 -11 -162 -100 227 9 -59 -185 -36 75 148 -202 -114 117 -143 -200 55 169 -239 43 -155 211 -66 -174 -178 115 -96 189 95 -97 -190 -22 124 -234 72 4 -35 -245 140 171 207 230 -80 -91 -15 243 -4 -250 83 -69 173 -189 -93 106 -210 103 -29 65 162 -108 231 201 -167 -149 -123 238 92 -201 -63 -60 25 -246 -62 -182 -54 32 -229 -19 -163 112 202 -39 247 14 -88 -232 -82 -175 174 197 190 -3 -152 -138 41 127 73 -159 224 104 146 -25 -26 215 -233 116 -52 3 -128 -89 69 204 68 208 217 181 54 216 59 -112 -244 -179 -109 31 15 141 -73 176 53 -222 149 -187 -141 199 -193 136 85 160 18 29 -92 63 -86 -32 195 -14 -183 -156 36 135 8 99 21 107 10 -219 90 -127 -38 145 229 -10 -98 -103 237 191 -47 -31 129 -72 47 158 -42 -8 -150 -37 -176 -46 -171 -180 -56 111 125 -87 -154 -40 46 164 33 -157 86 159 51 -50 -33 -139 -140 192 6 -7 228 121 -216 -209 239 219 -122 193 60 -226 -94 -85 20 -2 -206 -81 -186 0 144 -191 172 19 11 81 218 245 157 -44 -21 235 -34 -48 -146 198 -95 97 -115 -1 -53 -227 -142 -133 161 24 -217 -119 163 -5 187 128 -70 248 108 209 177 82 -168 -17 -241 213 96 -240 26 52 71 58 -76 
TEST 3 ARG:-81 -123 -165 -46 168 209 -27 175 -175 187 49 91 -26 87 76 230 -222 -233 -219 118 39 -204 -183 241 72 -152 124 -80 -149 -49 215 232 -179 100 -58 205 154 -186 -137 -127 203 -241 -237 143 86 -87 -88 137 155 -138 -110 -223 22 -14 -122 79 -164 106 160 -47 12 -147 42 227 140 88 64 -174 193 -185 131 37 -155 59 48 95 33 -2 -10 -125 224 35 150 46 223 -131 238 -12 249 -192 -97 -191 -150 179 65 -207 -62 15 122 -114 -42 -4 -89 246 16 -126 -187 -103 -93 -111 -144 236 -91 -200 -60 -101 81 134 -168 -235 -124 -24 -74 110 170 200 218 -171 -129 77 -128 5 -151 112 248 2 -67 -92 158 183 28 85 -53 -48 4 62 9 191 228 -166 144 -231 92 -115 73 -78 219 -11 -224 -195 129 -132 132 -121 -188 -28 213 240 173 -244 -246 -143 -22 226 -118 216 80 34 -172 94 127 -193 -190 -15 98 25 20 -180 84 55 212 58 -228 47 -136 181 8 164 -72 -104 105 225 -34 -215 -96 66 75 -20 -170 -140 242 239 190 -120 -209 147 -82 -154 -242 214 -163 52 -51 157 136 -32 123 96 -145 201 -146 -52 107 101 54 -153 -25 196 -99 -202 71 243 74 27 121 130 -203 67 97 114 -55 36 -184 -44 -206 -17 32 13 237 -247 204 -240 194 63 -156 126 -112 50 -98 -107 -148 -116 -227 -18 -133 -6 29 -162 68 24 116 159 -3 10 78 -1 104 -229 61 -85 -36 89 -194 -9 210 119 -94 -71 149 217 57 -100 -102 235 133 169 -221 56 -30 208 51 -66 -130 -198 146 148 -173 -54 102 -7 -40 -65 -157 -160 -135 -169 -83 171 26 113 189 -21 -106 -39 -182 -220 60 206 198 138 23 -69 -86 17 1 195 -73 -245 -41 -141 162 -196 44 192 14 -161 186 -134 111 -84 53 -205 -109 -117 233 -64 -77 120 70 -197 -217 -210 0 -159 43 229 41 -79 -208 -45 -50 -68 142 234 211 7 -75 -19 199 -201 166 19 -199 245 184 125 222 11 6 202 -177 163 153 31 117 -119 -142 -113 3 -33 -76 -176 18 141 -38 182 99 -230 -59 -248 -43 38 -90 221 -232 82 30 21 161 -211 244 156 247 40 -23 -37 45 -249 165 -234 93 135 -178 109 -63 176 -236 -212 174 220 178 -225 -238 128 -218 -105 -35 115 207 -189 83 188 152 -158 -56 69 177 90 -226 -61 -216 -214 -57 -139 185 -8 -181 103 -167 231 108 -213 -239 -29 167 -31 180 -13 -250 -5 -16 139 -95 151 145 -70 -108 172 -243 197 
TEST 4 ARG:24 93 97 -127 76 238 -229 -138 -113 -59 65 -194 -173 3 33 -104 -53 -170 156 -36 163 -158 -144 -191 -250 -67 -171 128 193 134 -200 -162 -2 -106 10 -16 108 -74 -107 17 -160 -84 124 57 -33 -39 208 -72 166 -23 -40 -190 150 -235 92 -110 171 114 -238 104 89 138 115 78 -83 -185 80 101 121 -202 192 -169 56 -149 20 -71 212 84 117 -204 -64 -152 230 -4 125 27 -129 47 98 137 -95 107 -132 67 71 -32 -112 -242 -116 -153 -217 154 -199 -201 164 -56 -8 -237 -208 37 -85 25 106 55 180 -231 -111 50 234 -203 49 59 177 206 123 -11 63 231 -161 -128 -222 40 -205 6 64 35 -219 145 -102 130 -94 -139 -126 120 -182 228 183 126 -157 229 -221 -103 21 127 19 -195 -114 -184 36 200 -118 -197 216 54 143 244 -206 23 32 199 13 -243 -1 -245 194 187 -198 -12 -240 -29 -105 161 74 -46 178 2 -100 -150 -63 8 -109 175 -133 160 -42 82 -136 103 43 -5 237 -80 53 41 -223 -82 176 -131 118 -27 -211 -233 -214 -241 173 -186 209 26 155 15 28 -167 210 -52 133 247 -209 152 7 -77 14 -108 39 -122 119 -172 -216 181 -174 -57 109 140 85 -25 144 226 96 112 131 -87 -244 87 -15 -123 -145 -38 -7 -193 -228 88 222 -180 217 248 -236 224 45 48 -163 99 -13 146 -196 -213 29 -54 -130 -90 135 -47 38 211 -9 16 116 186 153 -50 66 227 11 -119 42 -96 -101 -24 5 52 -86 -93 205 -125 -227 167 22 -137 198 -146 151 147 83 -28 132 201 221 46 73 232 -140 77 -61 51 -73 197 -183 -159 -154 -91 -6 165 70 72 -115 -135 170 202 -43 68 215 -247 91 188 196 -55 223 -92 -21 233 -121 -166 -34 -51 169 235 105 139 4 -176 94 -189 30 218 -81 111 -249 195 -89 -60 142 -187 203 172 241 102 -143 162 148 189 -48 -22 236 -179 129 -175 -164 -37 75 -26 -98 157 -69 -35 -41 245 184 -62 -99 -45 -88 168 185 -97 -181 -178 -79 110 0 -66 -18 220 249 100 -151 81 -234 44 -120 -232 -68 -225 243 -19 -188 -142 136 225 -239 -147 240 34 90 213 -248 191 -155 -117 -218 -192 113 58 -230 18 -165 -65 86 -148 -20 242 -210 182 -134 -177 69 -75 -14 246 -31 -124 179 -141 207 190 149 219 158 -168 79 -58 -78 -70 1 159 61 141 -246 -215 12 9 174 -220 -76 62 -226 -10 -44 -49 214 -212 31 -156 95 -3 -30 239 122 60 -224 -207 204 -17 
TEST 5 ARG:-177 -121 -236 102 -59 35 -124 -13 121 47 129 13 -202 -142 -100 168 157 33 50 -26 25 96 -185 -101 111 -136 -67 171 -160 45 -243 26 -17 -162 194 -126 248 -50 8 -172 -200 227 -36 160 74 -31 10 -113 87 -53 58 -181 -46 244 -139 -205 -189 208 93 231 -9 -178 -65 229 153 237 136 -116 152 -206 -237 230 54 -145 -42 -27 -95 86 -131 11 63 134 239 -38 51 -119 -130 -39 72 101 151 36 -216 -109 -40 147 -148 204 115 -92 60 -81 27 68 -250 -56 -15 -55 -170 -11 40 1 247 -198 -86 79 -21 -25 31 83 -35 119 -134 205 -213 124 -3 138 -152 97 -156 193 182 -78 156 149 142 65 2 -150 66 -157 -115 -247 137 44 55 -186 -194 23 122 217 158 148 -221 22 222 85 188 92 114 -229 175 139 211 77 19 76 -29 242 0 203 -127 59 -180 144 -22 -137 21 -169 99 -123 94 -34 174 206 -44 -158 -132 163 -153 24 4 186 -135 145 109 -241 -231 -141 73 100 179 -105 -183 -10 178 -73 -168 132 -199 249 192 -209 -1 164 -176 -227 140 -72 141 246 62 18 225 28 190 81 105 -164 84 108 167 -91 -66 -238 -188 -147 165 -208 -76 46 82 150 -19 -140 -23 57 202 184 -155 -45 118 213 -82 -99 -18 130 43 -110 104 106 -24 200 -103 64 -6 -143 -235 -114 -84 -217 39 -74 189 -63 214 95 234 89 -248 -151 -146 -98 -234 -12 -212 131 -16 -69 49 -239 210 -8 -107 125 -166 235 224 173 78 112 -64 71 -193 -226 -230 123 -54 191 128 199 -211 169 48 240 103 -96 -14 -246 -182 -93 228 -244 -207 -41 -43 -174 -111 -89 75 -97 -210 -125 223 5 166 -214 -129 221 -77 195 180 42 170 -20 52 -192 120 90 -242 -85 -118 -128 -28 146 -184 -167 -165 -30 143 216 -179 -220 176 -225 -80 -58 172 245 155 -106 -154 -195 220 56 241 -4 162 -60 -204 -224 14 30 41 183 212 15 17 -71 -52 16 12 -191 196 91 -222 219 88 -88 -228 233 135 -203 -61 -51 -215 37 -75 159 107 207 -83 -144 34 -171 -133 32 161 -94 61 29 53 209 -37 -240 -159 70 218 -102 -218 243 181 -249 -138 -32 -245 -232 -62 80 -57 -117 -79 38 226 -223 110 -112 201 -48 127 -47 -90 -196 -104 9 20 -68 -122 3 -173 126 -120 98 -2 -187 -219 113 69 198 -190 -163 -175 -7 -70 -49 -161 6 -33 177 -197 187 116 -108 215 67 236 7 -233 -149 197 -87 185 238 117 -201 -5 133 232 154 
TEST 6 ARG:-172 -79 -220 29 171 114 -22 64 -20 -24 -139 10 126 -96 -55 206 154 -219 -4 174 60 -12 42 -81 119 -229 -196 -234 140 -246 167 101 67 192 -228 87 -136 11 51 -89 -1 -88 38 -204 248 52 -53 199 244 116 8 -146 -32 -123 -83 -70 -212 79 160 -116 103 -245 -215 97 -239 229 -118 -95 -163 96 -97 -233 129 -192 -162 -242 1 -178 193 202 -92 -142 -199 80 53 216 155 -76 200 150 141 124 -68 -82 241 186 -98 25 -54 -151 75 -179 -34 227 231 -154 -27 211 -208 173 -209 -169 -182 -103 237 139 22 -195 -127 -186 -66 -39 -161 -126 -110 -175 166 236 221 195 -120 58 -61 223 -41 -30 -108 -168 233 -194 201 152 161 -203 -143 61 185 -77 -171 -201 235 -80 -48 13 34 163 -90 -112 -117 -138 -132 239 55 115 106 24 -149 134 -100 222 183 176 68 -167 -11 -45 -56 132 95 48 -244 214 247 143 46 94 32 203 -109 170 131 -152 138 81 -43 57 63 -211 100 -181 -71 111 -119 84 181 125 -135 121 23 224 72 232 105 -222 -28 -49 -72 9 -170 122 -129 -52 -230 -232 113 -31 151 35 220 246 -111 -249 -218 -213 -223 44 -86 210 -206 135 -221 -189 77 -248 204 98 -158 -93 146 -140 -190 -57 -75 36 242 -198 -243 62 190 -150 -241 -10 175 -131 -180 230 -101 -85 -176 70 209 -147 118 245 -19 -33 -137 82 148 -210 37 -23 -40 112 -14 -159 234 78 4 182 12 180 -62 -8 -5 -177 50 162 -3 -153 -250 93 -183 194 33 59 -114 147 108 20 99 128 -202 -200 -174 -21 -156 85 -64 197 -26 -35 -73 54 17 -240 -87 28 -187 205 -91 -225 7 -104 145 30 238 40 69 -236 153 -226 169 27 172 41 104 -74 -115 191 -125 -165 -47 -51 31 -122 165 49 15 208 188 90 226 71 -67 -107 21 -59 -173 86 -9 -207 -145 -160 -227 -188 249 88 -36 -46 -13 -84 0 -130 133 207 -102 196 178 6 144 18 189 117 -224 -247 -184 -18 -78 240 -99 159 -121 26 -17 91 56 -148 212 -238 -63 130 215 -7 225 164 120 -38 -113 -231 3 -44 -6 14 -205 -197 -16 -144 2 123 -191 65 74 -185 157 -15 -128 179 -217 -141 168 137 -106 19 -37 149 184 83 -155 -157 66 -124 198 -58 -216 -235 -42 110 -50 5 -166 -133 102 76 -237 -60 218 -134 127 142 217 107 -105 -25 219 92 -65 -2 213 47 136 73 43 109 158 243 -94 -214 156 89 -29 177 -164 45 187 -193 16 228 -69 39 
TEST 7 ARG:-67 -73 -168 -89 -104 161 235 -140 106 -22 -46 197 208 212 227 46 182 4 7 -245 -142 -23 10 201 -208 -44 28 142 -136 -47 33 194 223 231 -105 12 135 27 -139 181 -199 -206 117 -45 93 -81 43 -103 130 -154 -8 244 123 -236 49 -110 162 -36 -52 89 95 -102 137 -53 154 -31 18 210 -185 15 232 81 172 -138 -186 -127 -30 249 72 50 53 -128 100 174 -205 -184 -212 230 61 42 121 248 -38 2 -25 183 -250 -176 -57 -92 5 -130 67 -182 -5 65 76 155 -147 143 74 129 -6 -196 30 -174 179 -42 146 128 90 1 -204 -106 -248 -87 -161 86 -123 -216 -62 -91 -202 69 131 -37 192 136 175 167 -228 52 -117 207 -26 215 22 126 -246 -112 -231 -198 -97 -242 111 83 0 213 236 205 247 60 199 79 23 -132 -152 25 -163 120 77 -65 -79 -214 -213 -197 141 -4 -233 198 11 -84 -111 19 57 -17 -9 31 153 -125 -43 21 -156 125 118 -220 -41 -227 26 157 -82 -108 56 105 -165 -146 -27 -150 -13 -179 -222 237 228 -80 140 151 -243 217 24 -101 8 -24 150 -157 -51 -193 -121 -194 116 -225 139 -229 -78 -76 -15 138 -191 -115 -66 -126 -7 -211 -158 88 -167 113 -96 -143 216 222 -50 -244 189 -68 -90 221 226 -144 133 163 98 -74 -94 -10 -239 -133 171 68 -124 36 -59 -71 202 -49 -120 112 -148 127 62 102 92 -238 168 -131 -190 -85 124 9 58 -237 -56 -88 -151 99 13 -114 -172 166 -232 97 170 -221 20 -169 159 206 -107 165 -247 -159 80 186 108 -63 -58 -177 -180 209 -209 -54 -200 234 -145 169 -48 242 132 240 -118 109 66 -192 211 -134 176 -218 -224 51 -14 -20 101 35 -178 246 -72 -98 219 -183 147 17 16 152 -93 177 119 39 37 94 200 -173 41 -240 190 -99 -40 -137 -164 -223 82 -77 184 -210 114 -155 148 73 -16 55 241 149 158 87 -55 44 75 -61 -83 -119 -162 -207 196 107 -171 -75 -19 -249 214 -235 -135 -21 -189 -28 84 47 -12 173 224 188 -160 -32 -95 -1 156 -234 -187 -149 64 32 -29 6 -11 104 229 195 -230 144 70 160 -35 103 29 122 40 -215 180 -129 187 45 -170 59 -122 -188 3 239 91 -195 115 -175 -153 -34 220 233 -113 -203 -18 218 204 -219 191 -181 -33 -109 243 -86 -100 85 -70 54 -217 -39 238 -3 71 63 164 185 145 48 -241 193 14 245 -2 -226 38 -69 134 203 -201 -166 -141 -64 96 34 110 78 178 225 -116 -60 
TEST 8 ARG:68 123 -197 95 153 -55 201 34 -77 -3 103 145 221 161 229 225 -95 -183 18 97 -51 -177 236 -36 175 -239 147 -38 -215 -40 242 85 -43 -207 -134 -104 -249 -81 125 -29 -246 213 -248 215 -66 84 56 -32 204 -73 48 149 -113 64 -65 -224 193 239 -7 -176 146 31 -68 -140 -75 115 -54 -230 24 -59 -41 -166 245 -178 80 93 104 -119 -121 40 -160 -237 151 -106 -18 -229 -227 52 130 173 150 -1 -206 182 -242 -228 100 119 61 43 79 -150 -164 -145 -111 -200 -13 -213 77 -205 230 235 -192 154 7 -102 -212 -167 8 -138 -203 92 -130 2 127 -71 -23 -34 118 -208 -219 -103 -225 -126 -35 -74 0 33 -148 -116 -24 -45 -79 -182 144 199 -216 165 -173 -236 -165 -170 -21 -161 188 -189 -241 -238 19 -49 99 -6 178 139 111 -61 6 -232 -27 164 70 126 90 -142 -137 234 -92 23 233 -93 -37 -244 88 -12 -112 122 -87 69 -186 -31 140 -19 -16 16 210 124 41 -2 -108 -120 -218 177 207 200 60 192 121 -122 249 -222 91 -76 135 101 113 243 -125 185 108 -245 78 98 -52 -201 -70 231 246 66 42 89 27 -185 46 51 -10 58 -163 219 206 -80 -96 128 9 179 -67 -191 55 -202 37 189 32 -152 1 -169 -99 197 -144 53 -199 -89 -158 -181 -133 203 138 -105 -162 -62 157 117 -69 158 -210 -58 75 -139 63 181 170 226 87 186 47 -48 26 -15 -33 -115 -174 110 45 168 11 62 82 29 49 50 -9 160 -17 -196 237 -124 -156 20 -60 176 57 -85 -91 184 244 -98 232 195 -88 73 247 -157 72 238 205 -172 134 -44 -114 22 -154 224 -26 172 194 14 116 -168 133 248 136 -72 220 -195 -30 -209 4 -118 228 -109 -171 81 -8 -14 -57 163 44 83 -42 131 162 114 -187 214 -39 211 -83 36 -4 10 -211 -46 222 202 -153 129 208 17 102 -190 167 141 156 96 137 143 39 76 -86 -78 -135 -240 -110 -47 35 -179 -63 -221 74 -235 198 86 159 59 -94 -131 223 25 65 -22 -129 -226 240 -223 109 -143 227 -149 -132 -25 67 171 -100 -247 -151 -155 12 -50 166 -97 218 -231 -82 155 -141 112 -123 106 212 -64 180 107 196 183 120 241 94 3 -194 -175 28 142 152 -184 -234 15 -233 -56 -136 -243 216 -220 21 -193 -128 187 -28 -188 -198 -5 -127 38 132 -117 54 -107 217 -84 -159 13 169 71 -250 -217 -146 148 5 -204 -101 174 30 190 -20 105 191 209 -11 -147 -53 -214 -180 -90 
TEST 9 ARG:182 -30 241 -3 -15 -179 227 42 -63 52 -21 -39 10 242 130 -205 -75 111 -1 -189 173 -81 -13 -173 215 -6 191 -86 -250 -105 129 -44 166 9 -218 206 20 162 -4 179 -223 -20 -53 -161 -142 -228 203 92 246 -249 134 -238 -186 171 4 -9 48 154 -127 120 -12 -131 108 -221 193 93 142 228 -118 0 14 127 -92 163 101 -10 181 -146 153 -235 -182 56 -158 -202 49 17 -224 -62 -122 75 -245 71 -232 207 -139 164 222 249 -151 -72 160 -169 247 -83 195 218 231 -109 66 -178 73 12 -210 70 190 -190 86 -85 156 211 -200 -55 -11 -231 29 178 -59 169 -229 91 16 -194 40 36 112 -170 221 -108 236 -67 -214 174 -37 128 170 213 60 -25 -184 54 196 59 177 229 -157 11 135 144 -208 -130 103 -185 27 -16 5 -138 185 204 233 -23 -49 -84 -128 238 -168 -94 -160 96 2 63 -33 -237 192 -175 187 -187 69 172 110 -34 -113 38 -183 -192 22 -2 119 95 -27 210 -153 180 -141 1 -234 -91 -51 -120 -36 8 -219 -246 -64 -73 47 149 235 -99 44 7 -98 100 90 -126 -111 167 -155 -45 13 -137 -88 -125 -68 28 3 115 -242 -42 -48 -112 -144 -216 116 77 198 208 -43 -140 -203 15 -18 57 -215 -38 31 -103 -124 224 61 -236 -95 -100 157 -233 -180 30 230 26 -217 -188 -196 76 234 -174 140 89 143 64 -207 122 18 223 -22 81 123 25 -150 21 -89 79 189 -17 159 -143 -69 -172 19 -167 99 -76 -132 34 151 109 -50 84 -26 161 155 -123 152 -195 -90 175 55 138 -148 197 117 -96 -240 -227 -152 150 184 244 -198 72 201 -211 -57 -56 113 58 -154 -147 -46 -54 -106 33 209 46 -243 -129 24 121 -135 148 -102 -93 -79 -177 6 -101 -14 147 -220 -5 -241 -77 -212 -8 78 216 186 183 -239 -78 -60 23 68 41 105 -164 65 124 -31 51 53 -133 194 -162 -201 102 141 176 -24 -193 -156 35 83 -32 -171 -115 -136 -145 137 50 -181 104 -116 -176 -199 107 -159 62 136 -222 200 -82 -40 85 -244 225 226 -206 -66 240 -71 146 -114 -74 -226 114 118 -35 -191 -119 -7 -197 -163 37 125 239 39 -80 32 -121 217 158 98 219 188 165 -248 -58 88 -149 145 -87 -41 -117 245 43 132 -19 -209 248 -52 232 82 212 220 -104 106 -110 237 243 214 -47 -70 -134 131 205 -97 -29 -165 -107 202 -28 168 199 -204 -247 94 139 -61 -166 133 67 -225 80 87 74 45 -230 97 126 -65 -213 
TEST 10 ARG:121 149 231 88 -66 -165 140 -222 -104 120 191 224 14 238 -78 242 186 -244 -5 -54 79 104 4 198 192 154 -147 -39 10 66 -10 -224 108 -86 -213 -52 157 -25 -76 42 130 178 17 -83 -68 127 93 11 -226 -30 193 109 125 -71 118 166 -57 201 -17 -97 189 1 -73 -186 174 -116 -217 -195 -198 -50 -221 80 75 -15 142 68 227 217 116 59 -80 84 245 -137 -112 -14 207 -45 107 82 -109 105 51 -146 -141 -108 126 185 216 3 115 -40 9 106 -28 -232 184 -88 -145 -1 132 -21 -130 55 36 86 219 39 -34 -72 223 -111 -249 134 -220 153 225 171 200 -31 -228 181 98 -128 -2 -56 33 128 -6 230 85 -129 190 87 -59 248 -81 -242 24 -140 173 -100 70 -150 244 -229 234 -233 -223 47 195 15 206 7 175 -153 -75 43 -143 83 -157 -127 -175 182 -243 213 -164 -170 148 110 -82 102 -246 -159 32 170 139 -187 -204 -238 -173 169 -190 179 228 -48 209 152 194 -107 -158 236 -151 94 -106 -203 -210 -94 -161 161 -79 -131 -139 -91 203 124 -144 -177 -62 122 119 -36 -27 208 -63 -3 44 -119 -193 -167 -42 25 211 -37 -200 -192 -176 156 77 -8 -230 -26 -248 28 137 -22 160 -89 183 241 247 -125 111 13 205 -114 -199 -74 81 158 -77 180 -23 -44 100 -29 129 243 159 -121 -98 -236 -58 -53 30 37 -202 -101 -35 144 22 57 163 176 -133 8 -49 -132 233 164 -61 -126 -208 -93 177 41 -207 23 -152 49 240 -64 155 202 145 26 -87 -181 0 -211 218 90 -231 162 60 99 52 -85 -138 -160 168 -69 12 21 -250 -188 151 199 50 -163 63 -134 147 -135 92 220 6 -240 -18 27 117 -55 101 -92 -237 -38 -214 113 48 215 64 -234 65 -102 16 74 -216 62 -197 165 -11 -227 -215 56 229 35 -156 -218 -162 143 249 196 18 -60 214 -103 -51 -219 -194 188 -70 -13 -149 -99 5 -247 146 71 -65 -113 138 -67 -43 -171 -169 78 34 -179 19 54 67 -4 221 210 -9 -241 97 114 69 -20 -7 112 -245 29 -19 61 46 -180 -120 -16 95 197 76 187 -32 -148 237 -117 -118 -136 -191 -183 -105 -24 38 72 235 73 -115 -184 -235 -33 -189 58 -84 40 133 53 123 172 -95 -196 131 89 -225 -142 -90 -12 -47 239 -185 136 45 150 232 -123 212 -154 135 -41 204 -122 -124 96 103 -239 -182 222 -168 246 141 2 -205 31 -174 20 -96 -206 -166 -46 -212 -155 -178 -172 91 -201 226 -110 167 -209 
TEST 11 ARG:-18 209 195 241 -243 79 -106 221 31 228 -193 247 96 234 -15 -42 219 -171 -109 -162 13 -195 135 -48 215 48 -229 -123 50 -141 -7 -17 25 67 -73 192 116 -64 113 52 -37 -125 242 -153 32 175 -147 62 107 -92 -198 -1 -95 178 30 129 130 226 23 103 -102 194 60 -213 -96 -215 -44 127 145 -30 196 155 -227 81 36 -52 -232 68 -210 54 -169 18 136 -155 -119 99 -43 -228 -202 49 -45 -126 -250 -16 -156 -25 183 -239 154 -70 21 246 170 -58 -61 -197 -200 244 138 245 -143 213 -133 -46 -240 162 59 58 -214 182 -157 93 29 46 -47 -248 -209 158 -66 -115 -158 -23 -208 -2 63 -245 -94 -80 -56 147 -164 56 71 139 -131 214 144 157 -199 105 100 240 34 126 140 -89 206 2 243 -124 224 -138 -12 173 -27 -81 -159 -221 216 -205 47 -24 -39 171 -34 -68 -154 176 88 -145 8 37 151 35 -114 40 -234 -74 -3 119 -69 1 28 53 168 76 166 65 9 -121 111 17 91 -72 -167 -97 16 97 -11 -29 -238 -173 -128 -175 163 -50 -41 198 -241 -172 -108 75 -166 -188 177 202 -60 14 203 212 -165 197 132 165 -13 70 -57 -113 218 -120 187 -101 -122 -194 -100 -111 -137 -63 -178 -186 114 124 -184 128 7 84 167 -244 -246 -71 10 104 -19 231 12 148 225 -53 184 248 227 -10 -84 4 73 125 -54 15 -99 61 131 -118 -79 -177 -237 95 -105 152 -5 180 -130 230 159 -187 109 169 188 -83 -9 229 205 -116 117 -78 238 -76 -20 -31 211 -161 -129 199 189 191 -206 -93 -85 249 41 -75 141 -151 -152 150 77 -236 -180 -182 -144 45 143 217 -146 -223 51 -59 98 235 137 -226 -247 -181 -87 -110 181 174 -190 3 19 -179 43 -62 -134 -14 -22 -191 -201 -117 -65 -225 -142 22 236 44 133 -150 156 42 -104 153 -189 -33 87 39 86 -135 -212 -207 -32 89 6 160 -112 74 11 -77 72 33 200 0 -132 120 -107 -149 -8 -36 172 -136 207 -170 118 -168 -185 -127 108 90 -235 -91 -49 222 -140 -220 -21 146 -28 123 208 106 55 -192 -160 185 149 -88 -40 92 20 193 204 232 -249 -230 122 220 -90 179 134 -203 223 -204 -55 190 78 -6 -242 27 -148 -233 210 237 121 233 64 38 -35 24 -67 -218 -38 -51 -176 26 -26 -139 -4 112 -163 102 -216 186 69 161 -183 142 164 101 239 66 80 110 57 -174 -224 -103 94 85 -196 83 -98 82 5 -222 -217 -219 115 -86 -211 201 -231 -82 
TEST 12 ARG:67 96 -88 -30 106 240 -103 44 206 102 -207 53 16 118 -199 135 -81 -63 -59 -75 -9 -66 235 121 -220 -195 -98 -31 87 -108 -42 -105 -62 -221 185 -226 -111 172 -33 -201 57 176 -173 -197 -53 26 17 -138 27 -44 89 -146 55 170 -247 231 -216 -157 138 191 139 -118 2 36 95 50 -210 132 -193 107 180 -150 108 134 79 -130 123 35 -29 -25 236 -196 -179 198 222 48 -22 3 -5 -32 140 -127 32 227 245 -155 -164 -74 230 -189 60 -228 -245 -2 -182 -87 -95 117 144 -78 42 215 -67 -73 56 -72 -64 -194 18 114 -107 41 93 248 94 214 -106 99 73 -46 -4 146 -202 119 -159 152 59 -47 171 155 -144 -185 -85 208 136 -58 -123 111 125 -200 -140 202 -241 91 -13 19 237 219 -168 207 -239 -208 151 -219 -183 -16 -43 -152 -166 -134 -79 97 -50 238 -56 -209 -115 -110 145 90 -175 70 -48 164 -99 -149 -217 -204 -249 101 77 -176 182 -11 -172 -136 37 30 -213 156 -238 -236 29 -163 -65 -57 20 92 149 116 195 75 -3 196 -128 223 -147 -18 -174 86 -114 -137 40 -135 -148 6 148 11 112 -97 169 65 158 147 46 218 181 31 210 165 39 5 -232 -161 66 103 239 -230 -69 -6 189 212 174 -167 -170 25 -27 193 122 228 64 124 28 45 88 186 10 129 -178 192 -125 234 -225 -120 126 33 -112 -34 -203 201 -229 23 -250 -68 1 188 4 160 179 105 -24 78 -23 -41 -119 -60 -186 -15 83 13 142 -61 127 120 49 0 216 -17 137 -89 7 177 -21 184 209 113 14 43 98 178 -91 -80 8 -76 -191 -165 -117 229 -133 71 205 -156 154 162 166 197 183 80 -121 225 -139 -160 -171 -100 -198 161 -26 34 -190 -1 -7 -243 51 -145 233 110 128 163 61 -54 130 -101 54 -224 -131 -14 -83 52 -104 141 -93 -86 224 -154 -28 81 -184 -71 -211 157 63 -124 -8 -177 -12 -77 -240 -223 -35 58 -192 -92 -141 133 -19 -40 -233 150 153 -51 -37 21 -181 143 109 190 -10 -151 -188 243 204 -153 -142 15 -116 246 72 175 -212 85 -52 62 131 211 68 244 -129 104 -94 249 24 -158 115 69 -36 226 -39 159 -96 232 -235 -20 74 47 247 167 200 -218 -187 173 -162 22 -237 -180 187 203 12 38 213 -102 82 168 221 -205 199 -227 -246 76 -132 100 241 -113 -234 9 -90 -122 -222 220 -248 -84 84 194 -231 242 217 -109 -82 -214 -70 -215 -244 -38 -55 -242 -49 -143 -45 -126 -169 -206 
TEST 13 ARG:43 -174 60 156 -70 85 -229 -136 -1 -121 112 -56 -73 -58 69 2 115 86 -16 -236 -192 29 56 -71 -59 90 -149 -243 -151 81 17 -168 194 -89 7 26 18 -209 -141 223 -84 166 -28 119 84 -162 -133 121 -30 -97 -36 179 -95 45 -114 -172 140 5 -191 11 240 21 -18 -79 -215 -204 92 104 -186 67 182 57 -134 -85 98 227 89 6 -40 -184 -210 -219 -242 39 247 62 -119 219 -78 -65 244 42 -187 65 154 95 118 -111 79 135 152 165 -232 -235 -130 -63 100 189 31 8 133 185 -61 176 -233 -52 -212 130 -62 -2 9 -206 109 206 -31 -224 -93 -179 77 134 97 229 -250 -165 -188 -173 -75 1 -112 93 -91 -238 -185 22 107 211 -77 146 -88 -156 49 -24 -23 33 108 145 -227 -67 -57 142 -11 44 159 -25 -8 208 46 -106 -246 -245 138 149 -182 -98 128 -223 -205 -44 -161 -195 158 218 -22 195 24 -203 -231 203 -248 -39 23 38 167 -137 215 147 -15 -234 148 -129 59 -180 71 -69 -76 -171 -157 -190 169 241 51 -143 87 168 221 -54 -99 -103 -81 181 200 -218 74 41 -46 19 -207 -222 66 153 96 -170 -237 -178 58 -193 228 214 122 73 -228 -225 217 150 -9 245 50 248 197 -208 48 -213 236 -34 235 -177 -117 -21 -4 -27 187 -115 94 -104 -83 16 -217 137 15 -148 -128 -35 192 -26 172 -3 -127 -163 226 -135 230 40 -80 61 -211 117 234 -123 220 -64 141 105 114 -13 127 54 -110 -176 190 -12 -5 80 -216 -82 37 151 -87 55 183 -29 -146 -196 -139 -142 -47 231 224 188 -132 -167 3 -152 -120 212 -42 243 -102 75 4 91 -86 53 -226 -214 191 -126 202 160 -92 222 -239 -7 -101 129 -181 246 -249 -122 -125 -197 88 -10 124 -32 25 -55 239 13 123 -113 -124 -51 -140 170 -107 232 -48 238 163 -138 -202 175 216 0 199 -100 20 28 -14 -45 -183 102 -199 -96 233 47 -145 -17 14 -200 210 35 110 76 -194 -166 -37 -131 -244 180 -90 184 -175 -118 -154 125 178 -53 120 103 -72 12 -109 -94 -247 -220 -150 171 -66 -230 -50 63 27 177 132 -201 -6 -221 -74 213 111 205 -33 -153 64 139 157 70 32 237 -189 -68 -158 -169 -155 162 126 161 113 242 225 -147 -38 173 68 143 -105 -198 -41 -159 116 36 72 204 -160 -49 82 101 -108 99 201 -43 136 78 30 -240 52 155 -116 193 34 186 131 174 198 -20 164 196 209 83 -164 -19 144 207 106 10 249 -241 -60 -144 
TEST 14 ARG:168 -243 -36 -13 -244 136 170 236 95 -228 -4 -8 -10 222 240 67 -147 66 -210 -45 -153 -46 20 86 -84 -128 -208 70 -250 -174 -175 192 -97 -196 112 -127 -40 0 179 153 -165 -7 60 101 -15 -25 90 -77 -184 -178 42 124 221 -186 19 41 131 199 233 166 -69 -211 -231 -230 -192 123 10 -63 -104 85 -225 239 180 -9 -222 -94 161 174 -29 -88 -65 -99 -78 -52 -116 216 -102 48 -98 -26 115 64 -209 94 203 125 247 -123 -188 53 248 139 140 -173 105 98 -217 130 -119 57 143 -32 -62 134 244 165 -146 -55 182 -101 -37 -229 -206 230 -191 40 196 -150 59 7 -220 89 132 -237 -47 106 68 126 -195 -83 210 243 35 -43 -58 -162 104 -19 9 -114 -148 177 -79 142 201 12 77 120 -70 102 -41 234 -164 63 -207 13 84 215 185 23 117 -176 -203 -160 190 116 -132 58 -109 148 -129 -236 -30 -171 -3 109 -95 113 -81 241 246 -168 -172 -232 -142 226 -240 108 52 96 242 -35 24 -49 73 -86 -245 231 -131 200 107 119 218 1 -27 61 31 -12 194 110 6 -2 195 91 -190 159 214 -167 17 -61 167 150 -91 18 -93 -140 -249 26 -122 -185 -87 54 -121 -200 237 -96 -120 -242 -21 204 158 -42 -50 62 -64 -28 188 186 93 -107 235 145 -149 78 171 147 29 75 -89 118 69 181 156 -235 163 229 38 56 -158 238 46 -224 -59 -134 4 227 133 114 -125 -20 211 -1 -5 160 191 -197 -6 187 -100 129 83 111 -135 138 -187 103 -189 -246 -39 -103 -181 193 -82 33 207 -57 -214 -215 -85 224 74 -202 178 -22 -157 -227 175 -24 81 16 169 245 -18 34 55 -66 172 -248 14 228 -53 217 -75 127 28 -166 -60 -216 -183 -177 -152 144 -151 -130 -106 -155 -221 -238 -126 151 173 128 -112 -233 44 -201 184 27 154 -14 162 -199 -198 135 -90 -72 249 -115 49 -204 -182 50 183 -139 -33 -34 -92 30 -133 155 208 149 65 -180 21 11 220 -68 157 -163 80 -67 -138 -143 141 72 92 -76 -169 99 -117 -118 -17 205 202 15 -54 -51 2 -145 22 -71 87 -38 -241 -159 -110 -141 -80 -223 51 -205 198 -144 209 37 71 -108 43 -179 25 -16 219 213 223 -212 -136 3 -44 -124 5 88 121 197 47 8 176 -194 -156 -23 -113 -137 -161 232 -213 32 36 152 212 -234 189 -74 164 225 76 -218 -105 -193 -111 206 -56 100 97 -31 79 39 82 146 -154 122 45 -239 -247 -219 -73 -226 -11 -170 -48 137 
TEST 15 ARG:-204 136 -163 -230 18 -40 -85 -220 -179 -95 240 113 213 -35 -205 -199 -30 238 -166 49 -240 -134 -247 -141 188 -79 199 165 133 -165 74 -145 -137 66 25 -200 10 207 -67 -61 -47 -227 158 -155 193 85 -43 -130 -70 2 -140 177 59 145 62 -214 -221 -24 110 150 140 -74 234 -223 64 56 -212 43 -126 -195 154 179 -125 95 54 33 -143 -184 126 185 148 229 195 -92 -164 -100 35 107 -210 -248 -181 153 -183 -175 -66 212 -17 44 30 -152 20 -91 -76 246 200 -233 244 -21 -60 111 221 138 -102 -73 206 99 -104 -115 -56 147 164 222 -15 100 -135 -156 -131 -160 -226 -243 139 -111 57 -193 -75 243 -161 -211 -13 -178 12 -122 220 -94 -121 -112 -93 -222 96 94 112 -127 16 -225 -206 -14 -235 46 -249 130 -147 225 194 -49 9 230 -8 -157 -68 -133 -173 80 142 123 -42 104 217 173 5 -186 -123 -28 -99 -201 -34 -19 -3 -5 -237 227 125 132 -86 180 241 97 127 -7 -238 47 -154 11 209 28 -124 -151 231 116 -216 224 15 -2 211 216 17 40 192 170 -57 135 249 42 182 77 -39 -203 131 -246 -144 196 -207 -90 -191 -98 -197 247 31 29 -64 186 -117 166 226 -26 76 -146 -170 -71 -52 -110 129 115 19 233 -209 -219 -241 -18 -177 -53 -189 -180 181 90 137 61 -213 -69 -116 -172 -51 -97 52 1 143 -138 -31 73 -224 -139 -119 -162 58 219 4 -82 -55 108 67 -167 -72 176 32 102 98 103 -114 178 -158 141 118 -87 175 210 21 -202 37 -196 -77 -103 -194 -113 189 93 -37 152 82 -88 -187 -16 36 -142 50 71 121 119 197 0 -242 -10 -159 -192 124 -41 239 -38 69 -136 -81 81 -128 24 232 -108 134 -83 13 191 39 27 3 -106 -63 -239 -228 45 -27 -250 -29 -1 174 51 78 -171 79 83 -198 -231 70 159 172 144 120 7 -168 -232 155 -12 -217 201 183 6 184 34 72 14 86 -23 88 63 128 -11 -215 -129 202 -234 -229 187 55 156 -153 -62 53 -54 160 117 -149 84 -20 -174 -236 -176 236 109 89 48 -46 -4 -208 38 87 -218 -190 75 60 91 41 -9 -101 228 -107 163 198 114 -6 -105 248 203 122 -132 -120 -185 237 -245 -118 -169 -89 235 -45 101 8 65 -188 23 215 208 -65 -80 -48 -59 151 190 214 -96 -36 22 223 -150 171 -50 167 149 204 161 105 -84 -109 169 92 -33 106 162 -78 26 157 218 -44 68 245 -148 146 -22 168 -58 -25 -182 -32 205 -244 242 
TEST 16 ARG:-25 100 75 111 24 214 200 -27 -167 185 41 -232 241 -112 21 242 223 -30 90 120 51 -197 -70 -184 45 -222 131 -87 -219 -221 -51 103 36 -69 171 -187 -38 -101 -158 -55 -81 146 -152 28 -213 -68 87 -141 92 113 -218 116 -134 -212 169 49 -129 1 -66 -202 -3 -205 80 -227 -82 -44 -136 -173 -239 -214 209 175 -199 -198 249 159 -194 135 -204 114 35 -231 43 -164 211 -113 73 66 -144 -23 -92 -24 -67 -41 -26 -95 115 82 -242 34 -33 -162 -143 -53 98 -111 160 -234 70 -185 161 77 -172 130 102 69 -52 79 -182 -47 -5 -203 -10 151 -150 -188 -154 97 -57 61 -153 9 -108 -132 -49 52 204 15 53 -216 157 50 0 -93 127 236 27 226 218 174 125 -149 -174 88 -107 217 189 -208 -103 -159 231 -76 -131 180 30 11 -137 -147 -100 155 212 -99 -179 -236 213 94 184 202 232 216 -48 -223 -50 -77 156 -85 -2 37 -183 221 71 179 -196 109 -37 85 104 81 38 -238 -130 -224 145 6 172 -74 222 68 -123 14 -240 -13 -186 -225 -181 245 101 -156 181 248 -140 -36 -15 -139 -89 -114 55 -60 -176 -210 225 -39 -192 -96 205 178 -40 235 -86 33 163 -63 154 26 -65 186 -42 139 10 -124 206 165 76 -45 72 -161 5 134 -98 -4 48 203 238 -73 227 108 -7 16 -90 -29 183 46 -46 240 -110 191 -105 20 -169 106 -18 192 -246 152 -243 84 -62 -155 170 39 -215 196 -209 117 167 -28 -189 -83 -16 166 -135 -20 13 233 2 -122 96 -119 190 239 182 -145 149 63 65 -102 124 -118 -170 201 141 54 -35 -226 122 -248 -61 -201 -34 78 25 -22 -233 162 -195 -206 -91 247 -121 177 228 -126 224 89 17 234 -193 -116 -6 168 -109 -241 -228 -78 194 -97 -11 187 243 -80 -235 -117 91 -43 -168 59 -250 -88 57 -190 105 210 -31 128 107 118 246 140 67 -200 123 142 -146 193 18 173 -21 42 244 32 229 -165 -177 -237 121 56 -115 237 -64 144 -247 60 -125 -79 83 -244 -175 40 4 93 126 -12 44 143 119 -19 153 148 58 199 -211 215 -148 23 188 147 129 -104 230 -138 137 19 -245 -166 176 -59 -127 110 136 -14 -84 195 -217 -106 62 22 31 -75 -120 150 -151 7 -9 -94 207 -163 220 -32 -133 198 -157 99 -171 -220 -249 -191 29 208 -178 -8 219 -1 -56 -229 -207 -72 -160 164 86 95 133 -71 47 3 -17 -142 158 74 197 -58 -128 -230 132 -180 12 138 -54 8 64 112 
TEST 17 ARG:-51 155 -24 -47 -91 -246 -230 -66 83 -6 81 120 241 175 -96 36 62 -242 -2 217 202 -219 141 -144 -244 -177 114 225 90 49 45 224 -215 78 158 -194 12 11 -223 19 -92 59 85 244 -5 203 -110 -8 -141 206 188 -179 -107 186 129 5 -3 111 88 -108 -157 -225 -112 207 192 152 -68 -136 38 -57 243 -54 -19 -10 143 89 139 37 162 34 -73 -126 -221 -39 100 -214 221 -164 117 -150 239 0 24 180 -20 76 -56 218 177 -237 -156 174 230 124 75 27 -36 136 -50 -64 146 -203 -187 219 -25 -49 -148 96 -238 -22 -191 -231 212 13 -46 -128 166 -160 226 86 -11 -13 17 126 2 -9 10 228 -103 153 -29 -161 99 -145 84 -227 14 7 82 -17 -14 -90 237 60 -83 6 -88 97 51 -31 -55 -42 -167 137 234 113 41 199 187 43 -158 193 -123 -95 -189 -186 159 -139 -60 -27 95 -75 -232 -28 -124 -155 -38 -99 -222 154 115 -249 -130 -175 77 240 -137 -178 -23 -87 -33 245 -37 -236 -190 107 74 -212 15 -250 -93 61 -204 54 -195 -147 -140 1 104 -162 30 -105 87 176 -127 165 46 68 -26 55 -182 -40 110 9 -101 -202 -220 161 -131 213 142 -197 -98 -211 246 145 150 -109 -210 -163 108 -165 94 -122 156 134 -120 -45 189 -58 190 182 -235 116 -154 92 -118 4 231 -173 -213 196 118 -85 -41 140 23 -30 233 35 47 -65 -207 209 32 -241 -247 -106 198 135 229 236 -224 210 -201 223 -181 8 201 -48 -116 169 -169 184 -71 170 -97 -243 -239 -72 44 18 121 133 52 22 130 -12 144 -234 3 64 93 -171 69 -218 103 160 63 122 70 -142 -180 -77 173 -170 232 -86 -44 125 -199 -184 73 -52 -35 -228 178 185 -192 -133 200 72 25 80 91 148 220 26 131 21 -176 -200 -117 138 205 -82 151 -104 -18 101 -67 -185 163 119 -138 -188 -208 222 40 127 -159 164 -226 28 -229 248 -183 168 -217 66 -196 172 -79 106 211 71 57 -59 -81 -151 -4 -174 -206 128 98 58 204 -70 -152 -146 123 183 -119 16 -34 147 -102 -245 -32 238 29 167 179 215 33 -100 -172 195 157 53 216 -1 -7 -111 -248 -53 -205 -63 -16 39 -113 109 -240 -168 -21 -125 -233 -114 -134 -209 112 -94 -135 -15 -143 31 208 181 20 242 -193 -216 -84 197 -132 214 105 -74 42 171 -43 -149 -153 -62 235 -76 -80 132 50 -121 -69 48 149 102 56 227 79 191 247 -129 -115 -61 249 67 -166 -198 -89 -78 194 65 
TEST 18 ARG:-218 198 116 56 -211 -55 -56 -82 218 201 84 -147 -29 197 -146 203 -246 -151 -51 46 132 180 238 154 171 88 -104 -115 133 10 205 69 107 134 96 18 -154 -203 -17 -197 -142 112 243 -220 -216 28 -199 2 214 -230 3 117 -180 -84 89 54 184 136 200 -244 -106 -20 -61 206 0 -74 224 93 219 -214 -88 151 53 -111 -128 199 -54 -78 195 178 63 187 -232 -102 9 -226 95 -92 -73 137 -47 -200 -15 1 -222 167 25 -126 160 161 138 159 -77 232 -79 14 -123 143 -168 -183 -185 -167 208 111 239 82 230 -39 -144 12 -95 80 127 51 175 -21 38 170 -236 -160 -57 149 248 26 78 -131 -196 190 -23 -40 -229 -136 -191 -149 176 73 -162 66 4 -83 -98 -32 249 -201 228 -250 -141 -138 193 76 129 -103 155 113 189 52 -202 -43 110 70 -145 -96 -26 -90 212 -114 166 150 -170 -215 115 172 94 145 135 67 141 181 -127 -85 39 123 148 -1 -139 13 204 -91 139 -150 169 32 -71 103 220 240 61 92 -241 -206 209 109 118 -34 -245 179 -107 -125 -113 5 -190 -171 -242 -101 -63 -108 -99 -173 -68 98 192 24 -186 -207 -184 -210 -193 -9 125 -155 121 49 -233 -60 -248 119 130 120 165 215 102 -177 -65 -5 247 -124 90 -235 194 -239 -161 -12 -80 -153 191 -19 17 30 85 -225 124 210 231 77 -182 -188 -172 -46 -130 -70 -119 -59 -198 223 72 -219 75 -156 58 50 -41 164 -224 -36 177 -45 -234 -228 -238 42 126 -28 -134 -64 -87 -189 -148 -52 211 -231 -132 27 -76 235 16 -110 -62 162 -35 108 225 163 153 -152 62 99 60 64 -217 43 -33 128 -194 -223 217 207 81 -75 -243 131 -249 -27 -166 11 -135 -178 7 101 -50 37 -163 144 55 -169 44 -237 221 68 -181 57 -187 20 36 -31 182 -120 158 -159 156 -213 -16 -13 -58 185 226 29 222 -158 19 -38 -100 -240 105 -174 31 -3 246 -86 74 -2 -14 -97 41 71 -165 40 -175 -81 157 -122 -18 97 -42 -164 -221 -195 35 244 -10 142 -25 114 -48 -179 -117 -49 83 -44 -66 33 -4 34 183 -118 -105 -176 -30 152 -143 -37 -116 100 65 59 -121 122 188 213 186 45 -89 -69 216 -205 22 -209 227 245 -247 202 173 91 241 242 47 -140 -157 -72 234 -133 168 -11 -8 -227 -109 23 196 -7 -208 -137 233 -94 -192 140 -24 106 86 21 48 -212 -22 -204 -112 104 237 174 -129 -93 79 15 -6 229 6 8 236 146 147 -53 87 -67 
TEST 19 ARG:-124 46 49 -28 118 82 -201 -236 -2 169 -42 -119 79 224 -66 207 -65 58 19 -100 -189 -226 149 -116 -155 -53 -133 -132 -12 245 -211 231 14 124 215 -169 -235 167 -67 -126 -52 -204 -153 86 1 242 -187 -20 248 39 108 -127 -62 -90 -200 88 -223 -244 211 197 9 -239 -74 23 218 194 107 -78 6 8 35 90 84 -175 57 -193 89 134 -238 106 -176 -199 -222 -202 191 -221 -21 -39 -51 29 -167 -98 109 -208 54 -10 13 186 -15 121 184 -75 -232 -71 75 -177 -206 -35 -207 -248 176 157 100 -49 247 143 -171 22 31 227 -219 -38 -243 219 166 27 243 230 -178 -230 83 -17 12 200 174 212 -104 -217 32 -76 233 -146 150 141 -159 -122 -56 -95 129 148 -14 68 -16 -148 237 114 216 -213 236 -103 -26 -156 183 -215 -94 -233 -151 34 -229 -86 -180 -82 -242 -27 206 223 -149 -117 -18 193 -197 28 -246 -31 87 38 217 -165 -131 199 158 204 20 61 74 -72 -91 101 210 145 -157 -55 -41 -25 163 -29 -88 -1 -191 201 229 -4 156 -214 -196 -40 -152 -247 168 115 45 139 -139 50 -186 159 -137 -97 133 151 232 -118 162 203 180 182 102 62 -210 4 -63 -102 127 26 -162 -227 64 175 15 -60 132 -69 -106 190 112 135 195 179 55 235 -158 104 77 -79 187 -37 66 -144 -68 -194 48 98 152 -99 126 246 -179 153 0 37 99 128 -160 137 -245 -128 170 -57 177 85 18 238 198 -163 140 -58 110 147 41 -121 59 -125 17 36 -113 222 -140 192 -181 33 185 24 125 67 164 -195 -182 119 -33 209 214 189 -73 -110 -241 -209 -64 76 171 -142 -130 117 -188 -3 21 181 -30 -19 -220 -172 30 -192 -46 -218 52 -8 72 -32 53 -170 71 -61 226 178 -77 -59 56 -50 -13 -89 -147 160 239 -234 225 165 -224 -143 -84 -166 138 228 -7 -145 -24 44 -135 116 202 -184 97 -136 78 -109 244 96 220 -92 65 40 7 -154 -23 -231 3 42 205 154 63 172 -96 146 51 103 -168 131 -93 -107 -205 -141 -115 -70 -185 -54 -43 43 -5 -212 105 80 241 -134 173 -129 -47 234 5 -105 70 69 94 -48 73 221 -11 -164 -111 93 11 -6 -198 122 -250 -87 130 -216 -203 -81 -83 -22 -173 208 2 136 -44 -190 -101 -138 -36 249 92 -228 47 -34 -161 -150 155 -237 91 -85 16 240 113 123 -9 -249 -114 -225 142 -112 81 -108 -183 -174 -45 -80 161 213 60 144 95 111 188 120 -240 -123 -120 25 10 196 
TEST 20 ARG:-113 179 -122 -184 -29 81 -55 -100 -175 -10 -228 -196 -59 -28 -8 -236 -9 -72 222 241 -80 245 201 -133 -129 -199 -4 63 -77 -211 70 -220 -34 -73 -23 181 35 13 -138 -189 145 66 38 28 138 -61 -130 184 -131 30 -128 -71 229 157 166 -250 178 107 -224 -153 92 -75 -98 172 186 -148 -45 206 200 -188 -31 228 158 -172 246 -19 -230 34 -121 42 -5 17 127 -173 -162 24 -69 -227 189 99 -245 165 153 113 -205 31 -123 -91 51 84 -136 -17 55 20 4 69 -246 75 -27 249 0 -241 -47 -186 187 -63 -194 226 213 -143 -152 -174 183 78 -208 21 -240 190 -127 102 -218 18 25 19 -24 199 23 43 50 96 58 219 -216 -212 -139 -179 -180 9 176 132 196 -191 -99 -101 -185 6 109 -49 -145 175 211 -248 -15 79 -163 29 71 77 -92 140 91 -18 47 -76 26 -6 240 -106 61 -126 -166 8 -60 15 129 40 97 104 -160 -86 -239 238 -146 -132 207 135 142 76 105 -142 -234 -223 146 -149 -53 -203 48 168 -89 -247 -232 46 162 -52 -43 137 16 -233 212 88 -39 -169 -112 210 -68 -35 124 133 156 54 -13 -109 -118 -219 205 -90 -168 230 -107 62 173 101 -202 80 64 149 -37 -44 -74 198 128 -20 -243 119 87 -30 154 191 37 193 103 116 -134 -67 188 -12 -157 -41 -51 -117 49 -217 -244 65 -103 -150 -33 -187 192 -26 -225 -141 -11 231 1 -154 -81 121 214 -135 -124 32 -201 160 -102 -221 41 163 53 -176 -147 -65 -105 5 27 169 141 3 -182 57 -238 202 -87 94 243 90 -209 120 -151 -36 -115 -7 182 -40 106 -249 -83 -85 73 -84 143 114 -66 -137 -114 170 36 237 136 130 236 39 -207 -96 -159 -111 -200 -165 123 117 -93 208 52 204 89 247 -193 -16 -156 -1 44 10 -3 -222 118 167 56 150 93 -58 -120 100 -229 -32 110 -54 195 -192 -56 67 -226 -183 12 197 225 125 -206 -235 148 233 155 -104 85 -198 -171 86 -213 2 217 -70 248 139 147 111 223 -2 74 -57 164 11 7 -42 -62 82 68 227 203 -95 -82 -125 174 83 -38 -64 95 14 -181 -14 126 -197 -94 -178 -48 171 134 180 59 -210 -50 161 220 -108 -177 -231 -204 -170 -215 -88 177 -46 131 209 33 -119 -144 -140 -78 122 144 -79 -167 -214 -237 159 98 185 -110 72 -116 -22 244 -242 -161 60 45 -155 151 152 235 232 112 -25 239 242 218 224 22 234 221 115 -97 216 215 -190 -158 -21 -195 194 108 -164 
TEST 21 ARG:200 197 -89 -215 43 26 245 -27 248 237 -211 47 -75 -110 -158 -91 -235 -16 -210 -2 -137 -136 182 120 181 -207 -71 -25 236 205 166 36 -151 -9 -98 75 -205 48 -86 -70 -36 12 -147 165 114 210 -229 125 14 58 -195 -40 -156 212 129 171 -213 234 49 45 -17 176 92 -33 -68 178 -44 106 -142 161 -219 -49 -88 -146 21 84 -175 112 -112 235 -21 -217 147 -245 81 -143 -164 -159 133 189 201 -28 80 -228 94 9 66 -58 -225 51 -206 -56 24 -163 -153 79 102 -29 8 142 244 -94 -190 231 -22 -161 162 230 121 53 69 -133 -234 -148 -62 119 -53 89 -10 46 123 -4 -192 -79 127 141 -201 -152 -115 -176 39 -42 96 104 148 93 18 76 1 186 164 -144 202 183 -196 180 7 -20 50 128 219 -132 -150 174 228 -37 -209 -117 55 140 225 187 135 23 61 -222 28 227 -106 -224 -140 -240 -95 67 232 -212 86 -6 52 -85 -189 -101 209 195 216 -221 214 -227 -130 134 131 -154 217 68 -84 -247 -34 167 -124 194 -138 -113 188 109 -155 -165 -200 33 196 -45 -236 175 170 249 42 177 19 95 220 64 241 56 160 97 -38 27 -128 132 -100 122 -125 172 198 0 5 -107 -35 -160 -166 74 -237 242 108 -108 73 -80 -238 199 -145 -122 138 -119 38 206 -185 156 190 87 154 -250 -96 110 3 -204 -73 -7 31 139 -12 98 149 -230 -52 192 11 -47 -3 -51 152 -92 -187 238 -170 -93 -5 -139 184 37 41 153 -242 -118 -78 -87 -74 -55 168 -198 -65 -167 151 -184 -243 -157 -61 -186 -244 115 13 -129 -172 247 -173 29 -59 -82 71 35 85 70 207 169 -18 65 146 90 -77 -109 -116 -15 -197 -46 -199 107 44 -177 204 -26 -135 57 59 40 163 -114 -180 243 -39 -149 208 72 -232 -181 191 -76 -223 -179 20 -81 34 -126 -54 221 -31 15 4 185 -83 126 223 -171 99 130 155 -1 -191 -231 83 88 16 -239 63 54 144 -216 -123 91 -102 211 124 -111 82 -233 103 -57 113 -131 -23 101 -64 213 222 150 246 17 -208 105 158 2 233 -11 -249 -226 -43 -50 -103 116 -169 -97 32 -162 218 -248 30 -194 -120 -63 137 -246 193 -32 143 -30 100 157 -69 -99 226 62 -13 145 -174 -203 -183 25 224 -72 -60 136 -66 -141 -134 -8 -127 -104 -121 22 -193 -241 -90 -19 159 -178 229 -48 -202 60 239 6 -24 -168 -105 -67 111 117 179 -41 173 10 -14 -182 -220 77 -218 -214 203 78 118 240 215 -188 
TEST 22 ARG:-126 -114 -121 -69 -203 -154 -222 -72 -234 -162 16 -104 -63 103 -142 154 118 47 79 219 233 67 18 86 -26 73 87 -55 -102 209 53 -7 44 189 -192 -241 121 77 -242 58 -59 -171 129 -15 171 107 -158 139 123 -13 15 -144 100 144 110 97 -160 203 -147 -88 109 199 -51 116 -159 236 -21 -48 57 45 -215 188 241 -136 -84 -68 95 -182 -196 12 -205 -43 -108 214 -3 -32 -42 175 -60 -99 -118 158 14 -109 -70 -130 225 206 125 -250 -52 -163 198 166 -208 141 -38 -10 78 99 -5 -169 -225 216 -176 -74 122 220 229 -61 -206 104 -223 -233 -124 -8 -245 -156 -87 -143 140 -16 -217 -95 62 117 19 -198 -218 -240 163 -178 -85 231 -54 -30 106 -20 193 179 115 138 237 -73 -149 -212 194 54 -211 43 -120 -138 -197 3 75 -35 -94 -248 -49 -66 11 -140 -247 -173 -37 31 94 76 186 197 -91 -246 55 181 -145 -6 218 35 178 60 -9 2 -123 91 -23 66 -238 -199 108 249 -12 83 -81 -235 164 -71 -41 -106 215 142 145 71 -40 111 26 -180 204 24 -39 10 -101 176 49 127 213 -64 64 -67 -172 -226 -36 234 -105 -179 34 162 205 167 -11 37 -167 -200 -115 224 -90 8 -228 102 -249 -213 98 155 248 -76 88 -170 -92 187 -22 212 0 80 22 119 13 -237 -134 169 74 200 195 -117 61 -174 -137 -129 -177 -214 124 20 56 -188 -148 105 46 149 161 -135 137 -110 39 184 -236 146 -139 143 28 -1 168 226 96 232 23 -231 160 153 -165 242 30 156 217 1 32 -239 -232 -181 38 245 -153 -185 201 -77 -191 147 52 227 -155 128 -33 174 190 235 -93 173 192 -107 6 -151 -187 72 -113 -34 -65 170 89 -56 130 113 27 -207 -150 4 51 -17 183 -29 -78 29 196 -25 -58 243 159 -141 120 211 -86 48 -201 -57 7 135 -210 -82 17 -168 41 157 126 134 -18 114 -122 -97 -2 65 -4 -229 202 -183 -46 -62 -112 63 -204 -80 -53 246 -133 -224 9 -209 5 210 -19 -100 180 165 70 33 -89 -221 -166 81 239 -186 -216 21 -227 -75 -14 93 -157 -184 40 -220 -103 90 -128 -31 -125 -193 -44 207 247 152 -24 42 -28 -175 85 -119 -189 84 -45 148 -47 132 -194 182 -132 228 151 221 230 -230 172 -27 50 -83 -79 150 177 223 208 101 -98 240 -127 112 -96 131 -131 -243 -219 -164 -152 25 185 244 -161 136 -244 -202 59 92 -111 133 36 191 -116 82 238 -50 -195 -190 222 68 -146 69 
TEST 23 ARG:21 -19 235 159 191 -228 -150 102 4 80 34 -195 44 -230 -167 -225 175 77 139 -213 19 -135 -202 7 20 -163 -117 223 17 -90 153 -159 78 -203 -198 -69 35 167 -102 -82 -126 154 99 45 98 157 -83 125 16 165 -7 -64 -119 22 -109 -218 -237 -144 -191 -110 -30 -103 -47 103 140 156 227 219 -31 25 -70 -149 147 -100 -223 54 74 166 152 174 76 10 226 -111 110 134 180 -160 37 186 33 -161 64 198 -165 164 50 -53 -130 -246 -9 65 36 149 79 -151 -1 29 179 -143 67 -201 -45 83 -187 -242 116 -40 32 181 141 231 -208 -20 -55 243 31 -41 217 -94 -206 95 183 -193 -178 113 38 106 -245 -158 119 124 150 233 249 68 -22 23 -182 -227 43 -89 -11 66 -197 -249 -226 -240 -4 118 -79 96 185 135 -72 214 -62 -95 -232 -176 46 -33 237 5 -107 161 -127 136 -152 73 69 158 -57 192 -184 59 151 27 169 -114 -148 -210 -10 -93 6 -153 -179 -15 -128 -63 -231 -233 173 94 120 -97 112 -125 201 39 -123 -44 105 -58 205 -34 -21 -71 -106 -5 81 224 168 -78 -175 -156 -68 189 178 -6 -169 142 9 -96 -196 -136 -173 -147 -29 114 -140 30 -192 -185 2 -105 241 234 -181 -60 -18 -43 -50 -162 -212 56 -121 -92 -188 215 57 188 87 -8 162 -145 221 -216 62 -13 -74 -120 195 -113 146 -36 137 -241 123 -134 -81 129 -56 131 236 115 -217 143 212 -85 -39 -172 82 41 -204 -211 222 28 90 196 216 240 -2 -207 -205 199 93 -12 -23 130 -51 -138 58 163 242 127 209 218 -54 55 -200 182 190 49 -220 -116 48 -180 92 -66 126 -133 -86 -17 247 144 -171 -247 60 15 -141 84 -239 -77 -28 -67 197 -61 148 14 232 228 -32 -224 -52 86 -48 230 -154 -238 -38 63 208 -80 -234 -199 -139 -108 203 109 3 0 107 -75 -65 -219 -131 207 -46 -42 -37 170 97 187 61 -215 85 -189 171 -14 -244 -101 -248 211 -98 -222 -214 -190 202 -186 -88 204 88 220 229 -142 -91 -157 -73 -235 184 11 111 104 -236 -49 108 -243 194 176 100 -3 13 160 248 -35 -104 -166 -146 200 193 -170 -27 -87 -209 -24 -137 225 117 155 89 121 47 -124 177 -59 -112 53 239 42 128 75 40 72 -194 -183 238 70 -174 -164 91 -129 -177 -16 18 122 138 210 -26 245 -132 246 51 244 -84 -115 71 -122 1 -229 -155 52 132 213 8 -250 145 133 -25 26 12 -221 101 -168 24 -76 172 -99 -118 206 
TEST 24 ARG:-13 -209 166 47 -12 -105 -239 42 147 -157 16 65 -156 -62 -236 118 160 -162 -179 153 62 -17 171 86 131 183 -171 43 -195 -50 -168 -74 -158 217 195 132 99 231 64 -185 -120 83 -193 -191 -76 208 -55 -27 220 -144 206 -31 248 173 216 -123 -98 -216 242 127 -80 -58 128 -43 181 184 -240 237 -222 -2 188 103 36 116 -129 162 -23 218 -71 -51 77 245 174 -83 53 -172 -139 -228 33 -86 223 -170 17 -67 -146 -109 93 -28 193 4 -85 -70 -215 -116 -173 51 168 -72 28 -233 -7 -119 -79 -100 50 14 -77 129 -150 -35 84 -26 -164 -61 -112 172 -182 -163 56 -225 -243 -174 -97 -44 241 48 -208 39 203 -202 45 -34 60 -30 61 -145 59 213 -4 194 1 -135 -73 209 -177 -220 -82 178 -127 230 52 191 -6 -190 167 -128 -106 -42 -68 -194 -57 -88 -3 -95 150 -124 -154 148 -84 95 -245 182 144 79 120 -250 90 -197 -47 -52 8 -19 -183 233 -53 -230 -11 -159 186 -217 239 74 176 -223 -213 200 -60 73 -36 3 -200 49 139 113 207 -90 -210 -5 -89 -66 -241 -131 -231 -64 -93 152 -229 -107 156 -187 34 -167 23 91 71 26 196 205 134 101 63 -33 -9 -161 22 -125 109 -40 -181 -226 -117 -14 -224 -15 112 -75 27 -114 -234 159 10 -143 -37 228 -205 123 -49 32 -41 -101 20 187 68 -65 -169 -24 115 69 9 104 88 117 41 124 -247 -94 234 -249 -20 -192 29 227 164 12 121 -137 55 -203 -165 -219 -151 155 21 -147 135 -92 -142 -103 78 72 89 138 35 -16 85 114 5 154 -180 -133 157 105 -218 189 -32 -184 145 -48 -46 179 7 170 106 -118 -186 -134 -113 201 229 -246 212 -87 -69 249 -242 -8 -237 -91 -141 -244 -121 44 240 177 232 192 204 2 82 -110 13 -153 -115 100 -232 224 -81 30 -136 246 137 149 -29 108 -212 197 169 -152 -25 -188 37 180 -155 -22 222 -201 161 18 110 -122 214 58 -138 107 75 57 67 -108 211 0 -59 210 102 -207 24 119 185 -130 19 54 -238 -54 25 98 -96 -132 142 -160 215 -63 -199 11 141 -176 -21 130 -248 190 -148 -140 76 133 238 247 219 158 -206 80 70 221 15 126 -38 38 236 122 6 87 226 31 140 125 -214 -10 -111 -78 198 97 -99 -227 -1 111 136 46 165 243 96 81 -175 235 -149 202 -102 -45 244 175 -166 -189 -56 -204 -126 151 94 40 199 -235 146 66 92 225 -196 143 -18 -178 -221 -39 163 -104 -198 -211 
TEST 25 ARG:72 190 -118 41 -14 -75 -222 -78 -58 -207 31 -172 -189 -134 208 -96 -57 46 104 137 -17 -89 229 220 225 -85 12 -74 -55 48 244 110 -204 -33 20 -164 -26 120 -173 14 79 -202 157 -8 149 83 108 -97 -196 19 -62 172 42 -224 -46 23 175 91 205 249 -2 -168 45 153 -154 96 -174 -81 -4 119 -135 -91 -195 192 245 128 133 -212 -71 -169 145 53 233 -156 -15 -116 -49 -171 176 221 -7 90 89 -38 -162 -101 166 -12 -129 36 -242 -68 138 25 199 -167 106 241 -65 -5 143 -197 183 117 58 -236 -90 -18 -149 123 85 141 7 -121 -31 165 -208 146 164 -131 94 -52 -151 -19 15 129 -10 99 167 103 -67 34 8 189 -144 -239 -130 -79 10 64 66 156 231 -119 -234 -249 -191 168 -246 -190 -158 163 169 116 -3 -109 191 -29 70 86 234 -60 68 -110 198 246 -63 -237 -86 76 -153 81 -9 122 -40 -13 -181 -66 127 63 139 115 134 -150 179 130 155 24 150 -235 -215 -72 2 -219 144 47 112 -59 239 33 107 84 -117 18 9 -11 100 30 -228 210 -184 126 -213 161 27 -229 237 13 216 -230 222 195 177 -166 -238 247 -108 61 -211 -176 160 -193 -218 -39 162 -70 80 -163 -170 -165 -111 -126 -48 -80 97 105 26 78 -248 236 75 226 -123 -138 147 -201 -199 -194 -152 -206 213 -179 11 -192 217 -157 38 206 230 52 5 60 -216 -102 -107 -100 215 35 -221 240 -43 40 124 -61 3 62 -200 232 -77 135 185 227 -44 -250 -82 -245 159 -105 118 -145 -125 -54 82 -45 -175 54 -6 200 -132 73 193 248 -103 69 114 -198 -37 -240 -183 -30 -225 -177 -24 -128 -76 219 -243 174 101 -25 181 202 113 158 188 -21 132 109 67 -203 49 235 6 71 -104 -94 -50 0 -115 93 -73 -139 140 151 51 -16 238 55 -36 -233 136 -148 121 -187 -114 -188 -92 -41 -223 44 -136 -178 74 196 50 65 95 -140 -209 28 -241 -113 -95 218 37 -83 -226 -232 16 223 56 -27 21 211 -51 -186 4 -98 180 88 125 224 -88 -22 204 -143 -34 -185 -247 -122 -53 173 -142 -35 59 152 102 77 131 32 87 -141 228 17 -159 92 -182 -127 243 170 209 43 182 197 -220 -23 -87 -112 -244 -180 -161 214 -32 -1 -210 142 -214 -93 -47 -84 -106 -69 98 -124 171 -160 242 186 -205 111 194 203 -28 -227 187 -155 148 22 1 212 -146 -137 178 -231 -56 39 184 201 -20 -99 207 154 -147 -133 -120 -64 29 -42 -217 57 
TEST 26 ARG:75 -229 168 -222 163 103 205 15 -171 -26 87 -67 227 154 146 -117 -230 224 67 -250 -123 89 -60 -63 -125 214 118 -196 -29 -94 36 -118 -148 -56 -138 -145 212 242 -203 238 -191 17 -51 48 -73 128 -185 54 -41 -174 -211 22 -156 -183 58 -136 186 -140 -124 -143 99 161 7 -20 5 -88 29 3 23 -128 -71 -122 95 -177 27 79 11 -100 -239 49 -151 237 26 113 203 -241 159 51 222 -46 177 50 188 -242 100 -228 183 121 -9 -246 44 -176 -207 -233 225 165 -105 101 -134 233 -184 162 -214 86 -80 199 30 -198 -175 -224 208 229 62 -86 231 137 -237 -65 216 -186 -81 -152 -150 -5 201 -101 19 230 -2 -169 1 52 -68 -205 -238 -112 83 90 157 82 197 -70 -216 21 -129 147 69 -221 249 -119 56 -43 180 -85 129 -158 234 -1 -240 84 -163 4 -245 221 -232 -223 -159 104 97 -31 -199 -79 120 156 -27 -69 178 -195 219 -55 -87 -215 -116 -204 -182 174 -153 93 176 182 211 -61 122 114 135 -10 -243 -157 -77 -48 14 138 235 -181 -62 172 220 64 -49 210 -33 -172 -166 169 -96 207 43 158 236 247 202 108 140 -75 131 -107 206 -115 -130 -197 -95 -25 181 145 -64 -38 -45 -54 -179 47 -72 195 171 127 -133 12 -28 -13 96 -109 -11 179 133 -201 -74 24 9 243 -248 -146 198 -189 -53 55 -47 73 -108 115 39 109 -244 -226 25 166 209 142 -170 -16 190 -24 -218 204 223 167 13 88 -36 -234 -225 215 -92 -66 20 155 2 -111 196 136 -40 -210 124 245 60 -236 35 -202 -83 110 125 57 164 -59 246 -58 173 -121 160 -93 -200 -193 193 28 -155 239 -4 148 41 -97 33 91 106 -32 -213 -39 -106 45 -160 -37 -217 248 65 189 218 139 -192 -12 81 187 -120 112 152 -18 -188 244 241 -19 -164 -249 184 78 63 -194 -142 85 -127 -190 149 16 -44 -209 116 -139 102 -104 -35 132 -76 -52 -131 153 -114 -137 144 228 175 42 -147 -78 76 46 -21 105 80 -135 150 -30 59 31 134 -82 0 34 18 68 185 -247 -144 151 40 37 194 -14 -219 -102 -206 -57 -167 10 232 72 117 6 240 126 -110 -113 -235 -231 92 141 -165 -7 -212 38 -84 -22 -17 200 143 -98 8 -50 -132 119 -220 -227 -15 -161 70 -154 -162 217 -168 -180 192 -42 191 170 66 -99 32 -187 -103 71 61 53 -126 -178 111 77 -23 107 -91 -173 98 -89 74 -34 -90 123 213 226 -208 -6 -149 130 -141 -3 -8 94 
TEST 27 ARG:-127 173 163 -148 -237 -27 -151 174 133 60 -234 -66 159 137 227 -205 -70 -114 -53 184 -115 -117 114 -156 20 211 -108 -38 -64 -226 11 -65 119 107 140 -247 215 234 -195 104 28 -140 23 -134 -209 200 231 -67 -43 143 230 -150 -56 -222 -157 -238 -174 -165 180 96 216 93 -124 -154 -166 249 138 203 123 -82 -227 124 -162 198 120 39 168 -13 45 210 209 116 115 -232 -46 -206 -161 25 202 -84 -168 204 -119 -235 -54 113 -16 -245 -9 72 -1 165 172 87 -25 -230 -143 151 146 126 -77 -248 191 -41 -201 -214 -233 -136 -19 175 86 -37 4 8 177 131 139 -20 -18 -31 -5 52 47 129 164 -204 75 -180 -15 98 -93 -142 -132 221 -186 -55 -169 15 155 -171 -208 -113 -215 -3 -8 -129 171 -120 142 62 -130 -42 206 43 97 212 187 239 -246 16 -10 41 74 -17 -141 -240 -98 117 38 -48 111 -223 7 -220 -163 14 -4 136 178 17 -110 -185 182 105 48 57 223 219 121 64 160 -225 -250 247 -218 -52 -203 218 -137 -241 207 61 83 53 196 -244 91 183 -2 -211 244 158 -76 148 90 100 -175 153 46 -74 224 -12 -184 -91 69 26 243 135 1 -236 -172 222 85 -36 188 -116 130 -147 -86 -144 24 248 36 106 -68 -40 0 161 -62 70 -89 50 -94 101 -75 13 -121 -11 95 58 73 3 -101 108 -126 -191 -22 -197 -202 -34 -146 -92 -107 -239 -29 150 -228 -83 -176 -100 141 -158 -35 89 102 -24 -30 40 235 71 -188 56 12 -139 -133 242 220 31 -109 103 -131 32 112 201 76 169 152 51 -177 -26 -95 -87 -69 -49 -14 42 125 67 -125 208 -198 127 10 -194 63 -249 -231 -210 241 -71 189 240 245 197 -78 -217 -105 232 -242 149 154 -159 229 147 -181 80 -79 110 181 99 -28 6 -189 170 77 92 -21 109 18 66 -106 -179 -81 -128 -88 -178 34 -212 55 -167 21 -73 -39 134 199 162 -47 228 -138 -221 -164 132 27 144 -213 -149 2 -63 -6 37 -102 -216 -99 195 78 190 88 186 213 -145 -85 233 -45 -219 217 -111 -224 -155 194 -51 -196 156 185 5 -57 237 19 205 35 -72 -207 -187 -97 -173 -122 157 226 -160 81 84 145 -135 29 44 -229 -50 -153 -33 166 79 -118 238 118 68 22 225 -170 246 -192 -182 65 -123 -7 -32 59 30 49 -58 94 236 -103 9 192 -60 179 128 82 54 -199 -112 -96 -152 -80 -183 -90 176 -59 167 -44 193 -23 -193 -190 33 -104 -243 -61 122 214 -200 
TEST 28 ARG:56 -141 -222 113 -170 160 203 186 -133 -234 -233 173 -121 120 64 -72 141 -118 5 -23 201 171 -248 -158 247 -202 184 -63 -150 -95 -160 242 -76 -54 -235 -132 115 -62 236 -208 190 232 -153 138 -12 117 -16 -217 -27 19 67 -104 -64 -110 24 -19 221 -55 84 101 -22 -241 -169 147 -165 -194 -236 -140 181 -178 -129 -240 -223 -26 207 4 54 124 90 -225 -206 -83 -215 228 223 -88 20 204 -184 -143 -74 241 155 -49 -177 -117 -198 239 -52 -179 66 -39 -78 -210 -3 36 194 105 -154 -65 21 -71 16 -175 63 -81 34 125 127 191 -34 51 -157 238 -144 2 79 167 -89 48 17 89 72 -162 14 -125 68 97 94 -69 -102 153 126 -171 -180 91 42 -15 156 -70 6 52 10 -35 -14 222 -203 -183 226 118 -155 -161 18 81 -100 58 212 -9 102 159 196 246 39 -77 112 128 -145 -11 208 31 133 88 32 -10 7 -107 -96 -246 234 -84 -139 40 -244 -47 -191 172 -229 187 -82 -135 -114 86 80 35 -137 -99 -124 -93 -40 -59 180 145 -232 38 -197 -221 57 9 -174 119 218 -172 -209 61 -238 202 -25 41 82 220 -60 -230 216 70 99 -211 43 -24 -29 -7 -212 140 -45 37 -101 168 -226 -73 -186 108 146 109 -42 29 137 -166 176 -111 199 143 -123 151 -216 217 136 -249 175 121 -112 161 230 148 -38 -148 188 139 104 74 -92 15 -146 -168 -187 27 245 122 49 -205 55 -220 -181 -103 158 -31 198 98 96 44 30 178 85 -80 73 -227 0 -91 -90 -201 179 -108 142 -17 193 -2 -122 -243 -151 -126 130 -85 -214 211 47 23 33 -239 -152 -53 213 -32 3 243 210 -97 225 -176 -167 -188 -173 -228 -192 -147 -130 26 60 111 165 219 114 174 -8 -43 -189 78 -33 215 -6 144 -218 227 -136 -231 192 123 182 132 -5 189 -30 -1 107 106 224 95 -86 -4 -200 162 -149 235 135 116 154 92 -41 69 -113 -66 -131 -224 -56 233 152 -142 209 244 12 53 -120 -127 77 100 -46 157 214 197 1 -20 -67 -58 195 -163 -109 -21 163 200 28 170 -207 231 -57 -18 -237 -48 -98 -68 103 -128 -75 25 22 -213 -28 75 -119 -138 -195 169 -190 -94 110 46 -44 -250 185 166 129 -79 -61 -134 177 -13 -185 205 206 59 -182 248 183 13 -159 -156 -219 -106 240 249 93 87 45 237 -199 62 -87 -164 134 -242 131 -37 -116 50 8 65 164 149 -193 150 76 -51 -36 83 -196 -50 -204 -105 71 -115 -245 -247 229 11 
TEST 29 ARG:179 -54 4 -126 126 -6 -212 -81 63 80 72 -118 -223 -166 -55 113 150 -185 -76 -7 -149 200 137 155 76 -46 243 -117 81 -202 -140 120 -197 -93 98 -200 -220 196 183 -24 22 47 -184 -56 -21 -95 -156 99 -79 -42 -101 -18 -143 -25 185 141 -114 -20 -40 58 188 -189 175 217 132 -8 139 -250 123 13 152 -153 96 -39 226 69 191 -80 -62 71 -150 186 62 70 206 -232 36 -112 -245 95 68 -71 147 -222 156 170 -84 -100 213 -86 -169 46 -85 -10 115 -3 54 249 -158 218 56 -148 -162 -164 -145 -73 241 163 -175 84 -192 -213 -44 -26 143 28 173 -231 -135 -144 -249 -78 216 108 172 205 85 87 8 -240 -50 165 242 220 -205 -128 -61 174 101 -94 -43 -108 -174 -139 -1 -64 164 -138 -19 187 128 127 169 -218 79 142 -188 -233 144 -115 104 -204 122 -111 -32 221 207 151 5 74 112 146 -183 59 83 214 9 -52 -124 -66 -120 -27 -247 228 -82 -225 178 -227 219 -235 -33 162 -209 -45 110 86 -68 -195 107 -4 -77 117 93 25 -47 245 -14 -248 -152 168 10 31 -69 -217 190 34 -157 -207 30 -2 -107 -41 -29 -170 233 -30 -163 229 -17 16 -193 20 52 61 -226 77 -177 199 157 91 236 140 195 -142 15 -178 -229 234 -103 247 27 114 -154 177 -132 -214 154 136 -60 222 171 119 -206 -168 -34 239 -23 75 116 -244 -51 33 21 -58 18 82 -113 -13 -242 -28 -187 43 -228 7 -133 197 92 109 212 -167 -160 51 64 -102 -234 -221 -196 -155 39 -65 -96 90 131 -182 3 50 1 -136 -180 -181 57 0 23 44 -203 -105 -211 121 -38 55 145 -246 209 -92 201 -190 -75 180 -151 -239 24 -125 -146 176 -22 26 -208 232 166 40 -194 125 231 -141 -216 -224 49 -57 -243 -179 -121 -91 66 -171 2 -159 -104 -176 -87 244 32 -230 124 103 -9 -210 -15 -70 210 -36 194 138 -199 -137 -89 118 161 -83 -198 -48 -67 182 -49 41 -123 111 189 97 38 100 130 37 248 102 160 240 -63 167 -129 235 -59 129 204 230 -110 89 -236 224 6 -201 227 48 -31 237 60 -127 -173 225 203 238 223 65 135 -16 -186 17 42 -191 -97 -131 181 198 193 202 215 -130 -161 133 -134 29 149 -241 -99 78 -74 -219 -237 53 192 -37 -90 -98 148 158 -11 -147 -165 -12 106 -53 -109 94 14 19 35 159 -122 153 45 -35 73 211 184 134 -119 -172 12 -106 11 88 -5 208 -116 -215 246 -238 105 -72 67 -88 
TEST 30 ARG:-192 -180 -206 -226 -223 213 -175 113 -35 62 -105 -115 208 -154 114 95 42 152 121 -26 160 37 -55 165 39 100 -250 221 89 -118 -22 -207 -25 209 -187 -51 230 157 119 -179 -153 194 227 14 -120 -140 -71 -150 -83 -49 161 74 109 -246 179 4 -3 84 190 25 24 77 -163 80 -219 -139 -156 199 107 -44 -249 -10 -79 81 -244 102 124 -86 -67 217 126 -98 224 106 122 -199 -198 -19 143 -116 -133 -21 139 -64 249 -178 235 -48 188 222 -205 173 19 184 -182 -174 -13 -190 -171 -221 -30 86 -96 26 196 -240 -186 -58 -95 176 -155 -38 63 41 -142 -87 204 -81 -141 -119 0 -59 70 -164 162 -112 -50 -74 65 195 108 210 -146 -12 -242 -145 218 -73 -200 240 -100 -172 202 -66 -53 -213 -210 17 -29 -129 231 -216 -76 206 -152 -14 -60 228 78 13 211 168 47 200 34 120 -151 -45 3 -70 186 69 129 -195 246 177 -18 -75 -33 110 144 182 58 -165 20 -78 -110 31 7 -40 -104 1 -126 -90 -237 -227 -111 -5 -239 -6 -125 55 22 -236 183 123 67 51 -47 241 -201 -43 167 -245 155 -220 97 60 -162 32 -77 -68 76 -241 -230 -4 220 -135 18 -177 61 207 -107 -56 -32 -131 -102 -208 -229 -188 71 -169 -204 -235 68 -103 -113 -92 247 27 201 133 -62 10 192 -157 -41 -167 172 105 91 -88 59 -82 72 -234 -123 6 159 -144 140 -17 -72 -132 154 -158 49 226 225 -128 33 164 -176 -39 132 66 28 -124 125 -9 83 -228 -238 149 -84 153 -99 -117 115 -137 -202 166 -170 -23 53 44 -8 141 216 101 197 -224 -209 93 -159 205 -211 103 134 185 -248 -212 35 242 -122 40 -15 244 248 16 212 -197 111 118 -231 85 -247 -222 8 90 -136 169 -173 232 142 -134 150 236 189 -121 163 135 -1 -57 136 198 -183 178 -161 131 -31 -97 -109 238 148 128 21 239 170 237 -225 -69 -127 -24 171 223 -2 52 -243 -93 -143 112 9 234 117 137 -218 174 151 193 -148 -214 64 30 -181 -7 -196 36 -20 48 214 -34 54 -106 -61 50 -11 23 -80 -101 146 -46 181 104 -168 88 15 -233 180 -94 99 -193 -191 -16 116 2 11 -217 175 -85 187 243 156 -36 38 191 -203 57 -147 -232 -130 -91 -27 -89 -215 -63 130 94 46 82 -138 43 147 -108 79 -184 -37 5 158 -65 -185 73 29 -54 -160 56 215 75 -42 245 138 -194 145 127 98 203 233 45 -166 -114 -149 -189 -28 219 92 229 87 96 12 -52 
TEST 31 ARG:-46 39 -174 16 107 -221 225 -10 37 95 -101 -33 -129 -92 -147 -115 -116 183 -85 5 219 234 -77 99 -173 223 -30 165 187 -250 -199 82 -164 -72 -130 49 12 237 161 -111 171 -5 -165 -245 125 145 146 -212 -161 60 -37 -170 -248 139 55 38 -97 10 32 28 30 153 -127 147 -214 -98 22 228 192 -61 -135 143 75 -6 238 197 220 -86 114 -102 -75 -103 -16 242 76 21 112 151 50 -210 19 127 110 -110 -148 -79 109 -8 195 -205 105 -220 91 131 17 167 -62 46 -133 71 -107 -207 -60 236 11 211 212 230 240 -197 -51 -95 -36 -9 -156 -171 176 -121 -68 -177 79 20 -150 -192 31 123 138 59 -32 126 66 15 -12 -128 190 -209 -56 101 -182 135 -69 -168 -35 148 48 -237 169 -58 -229 209 233 188 52 -167 -141 29 -52 -227 -149 178 61 128 -223 43 -105 3 -208 144 -249 -54 -196 122 -80 -112 189 -158 232 87 226 213 -73 244 156 116 -151 -247 -242 -233 115 191 -226 -178 -106 -48 88 208 -232 33 24 -27 18 117 7 -3 -108 -65 149 -240 100 -244 84 -23 186 -89 247 -189 245 206 -64 36 -91 158 214 62 -185 -66 132 -246 83 69 -34 -230 53 174 -142 -217 108 -50 166 64 -146 162 -100 -198 -236 -200 243 207 -181 -26 179 81 103 -224 94 -191 65 -143 217 70 -201 113 14 97 196 -17 90 26 -96 98 -204 -99 -138 -90 136 89 239 -42 -144 54 -82 9 129 13 -136 -137 160 193 -15 -186 104 -190 -153 -88 -87 -57 40 -38 27 -213 -187 201 -47 -39 203 78 137 -59 73 134 119 121 -4 34 205 124 224 173 199 133 -225 222 57 -93 92 74 -18 -120 248 159 -55 -22 8 168 68 241 2 204 216 154 -203 -134 -228 -239 -139 -195 -160 -78 -81 -188 23 -123 111 -219 157 93 -94 -45 44 51 -218 -162 -145 41 221 -63 231 -132 -114 -31 -119 -41 -43 85 227 -11 -109 25 86 -2 -44 -202 80 184 164 63 58 -74 -124 -243 120 210 96 194 -125 -169 -215 -211 -13 4 175 47 -24 -180 -183 229 -71 -84 141 -155 67 198 170 56 -53 -131 215 -222 -20 172 -28 -241 -157 -184 235 185 -194 -7 -76 -113 -126 45 -179 -216 -154 -1 130 181 140 102 35 -152 -176 -83 -70 152 -172 -21 163 72 246 -235 -49 77 -166 150 -118 -67 218 -163 -117 -122 -29 -206 -14 249 202 -104 -231 -175 -238 177 -40 182 -19 155 142 180 -193 -234 200 -25 106 -140 118 1 42 -159 6 0 
TEST 32 ARG:-82 -118 185 91 203 -37 -51 92 -146 231 41 11 132 -88 44 96 37 -94 -23 -116 55 -68 150 164 158 -155 -226 169 205 -10 -171 152 -173 -103 -130 -109 172 -87 18 -145 -168 192 114 -142 228 -101 245 -237 219 -244 -33 -107 -62 -220 -185 156 -129 -166 199 13 50 12 -29 23 189 28 191 -153 73 176 58 -189 42 -248 103 2 -196 6 229 121 70 -249 184 54 -174 -90 -85 -21 -16 249 -117 -48 -206 -136 181 224 100 212 159 33 -77 -110 -190 105 51 230 -161 -163 109 -208 71 235 -86 -177 -79 108 135 -96 225 -17 30 -224 201 -247 149 157 -5 182 52 -93 -202 148 -122 -9 220 59 47 -207 -179 65 80 190 -193 83 112 -3 -140 222 238 -243 178 161 -227 -212 84 -229 136 -1 195 57 64 -124 210 -115 -176 125 88 -19 53 248 82 111 -127 -131 77 -27 -217 141 206 116 147 -32 -158 -156 154 223 -125 155 194 -58 -138 -36 61 21 1 -149 -25 -44 -126 -106 126 63 -40 -47 29 233 46 -11 -199 -119 240 -221 242 -239 -218 215 246 -20 -53 -197 4 -242 214 -67 211 -102 167 -175 -60 -209 -52 -22 -178 138 -7 3 -200 113 204 137 117 -112 -210 -223 -228 160 -83 -232 -170 -75 -26 75 -14 27 130 -50 -169 0 79 127 165 24 -100 17 -186 168 95 216 -181 39 101 -97 183 115 -49 -84 -111 -78 153 -89 188 234 -246 107 166 90 -203 -184 -159 -188 241 140 89 -162 -214 9 193 5 93 66 208 124 67 99 -150 198 162 -66 20 144 133 177 -64 -69 -120 48 -137 -114 -216 38 26 -219 -41 -123 175 -148 -194 -230 -245 -240 129 98 -182 187 68 -13 -204 -105 217 31 14 213 -154 -160 76 -195 -18 170 237 -250 200 -39 -151 32 -80 -139 -113 7 174 -81 197 128 226 -30 -104 16 94 -143 196 -231 62 35 72 227 -205 134 244 15 -201 -164 -8 -71 56 -108 45 -91 -152 -2 -135 -55 -141 -35 -235 36 86 -59 -134 110 102 -95 97 -76 243 81 -236 69 87 -225 142 -121 106 8 49 -24 -43 123 22 118 78 -63 -46 -56 -57 -133 209 -191 -234 104 145 -192 -12 218 60 -238 85 19 -73 139 -31 -213 -54 143 -128 -34 -65 -211 202 151 34 131 -198 186 -99 163 179 -165 -28 25 247 146 171 -167 -6 232 10 -215 -45 -92 -4 -132 -157 40 -233 -42 119 239 122 173 -183 -70 -241 -98 -72 -15 -147 221 74 120 180 -172 -187 236 -38 -144 -74 -180 -222 43 -61 207 
TEST 33 ARG:-132 -75 121 238 185 -204 31 -221 -195 124 207 163 71 -94 195 -141 -1 95 -66 -209 235 166 85 100 -125 -214 -224 -238 159 70 223 48 -245 -187 99 118 -82 152 -40 67 161 248 -236 205 61 44 126 122 183 134 59 23 73 115 -60 -109 -173 -133 -211 -167 -65 157 3 149 53 -189 -11 -113 35 212 37 -156 -123 196 135 -196 214 -150 -149 165 -155 34 -117 -143 -159 -38 184 -46 16 40 -112 -168 230 -105 246 -207 57 -111 -218 -242 -201 -41 -151 -134 -86 -240 237 74 133 -182 -203 -225 -56 160 112 -26 -29 -118 193 17 98 -138 28 -216 -50 -35 -44 186 218 -68 -212 49 51 -12 -200 -17 -139 -61 25 120 55 -62 -77 -51 -131 104 -63 -222 -97 -194 -208 77 219 -184 -4 43 -206 -248 -92 141 217 -87 240 -13 113 226 -171 -99 -24 187 -231 190 50 228 -119 -164 -21 -78 -197 -98 132 -247 -152 94 116 239 -176 215 188 145 30 231 -91 -202 203 155 194 54 97 -83 -199 137 147 -220 136 -215 131 -32 -30 -69 -186 177 -14 -154 15 -172 21 -107 162 125 87 1 197 221 191 78 -177 93 -227 26 12 245 -76 139 9 222 72 -36 -145 -2 -52 -89 79 91 -5 -205 -84 111 154 199 -15 202 -10 208 -9 68 138 56 150 -165 -183 -178 176 -121 225 -223 101 206 19 -53 -18 65 -179 -49 -25 171 81 13 -45 -239 -120 33 241 -170 200 8 -43 -213 -192 -33 181 82 -136 179 -246 -27 -249 -28 234 -79 220 -70 24 29 119 76 144 211 -135 129 66 -85 -235 189 -16 38 -74 142 -198 227 -157 -20 -228 117 236 47 -129 -106 32 -191 -193 -100 156 -160 -234 39 -114 123 103 -96 90 169 89 -181 -47 130 158 178 109 18 14 -7 -48 -153 140 -42 243 182 80 170 -185 -237 -241 -161 88 -39 -88 -3 10 -104 -210 -8 167 -147 69 64 -190 -115 128 233 192 -142 213 -122 96 -158 -180 -219 60 -54 7 153 -226 -166 102 114 -90 4 172 -6 108 -243 -103 110 -34 -116 198 -233 -64 168 106 174 5 52 -93 -110 -146 204 46 75 11 -101 22 -67 -37 42 45 107 92 -95 127 105 247 -188 -232 -80 -175 249 151 210 -128 143 180 41 -31 -127 -162 -126 242 -148 83 -19 36 175 232 84 0 -71 86 -144 -72 63 164 201 148 -59 -244 224 -102 -250 146 -108 216 173 229 -130 27 -169 -174 58 -140 -73 -57 -124 -230 244 -58 -23 -22 62 20 6 -81 2 -55 -137 -229 -217 -163 209 
TEST 34 ARG:-34 -164 -61 -103 142 -29 207 -104 -115 183 -75 175 100 -76 -233 -234 -202 -47 176 -43 -183 -39 -82 132 -90 -226 159 -170 144 -1 -95 22 48 228 -63 -32 -142 -49 -203 139 211 -166 -173 -66 -138 -186 233 -137 47 -3 170 80 -217 -97 -73 0 195 201 -62 15 160 -178 2 -4 78 45 -98 -207 68 -77 134 -58 -114 -215 43 113 -197 -65 198 -236 193 120 -212 -108 128 -129 191 -88 237 119 -205 213 67 20 -209 -196 -87 25 -225 66 -8 -210 -20 -107 -153 216 104 -185 -158 91 174 -11 223 -200 -199 129 -146 19 166 -232 99 -106 -124 157 115 -130 164 -113 -36 244 197 245 -145 -40 226 73 125 -188 62 64 -48 -168 -144 -134 39 -126 169 -155 103 -221 53 -42 12 -165 -228 -175 -244 33 108 148 247 149 -45 -219 90 204 -71 -195 42 -143 202 109 30 52 212 -89 -141 86 -184 -167 -83 186 153 -243 177 34 -9 -69 49 -111 40 35 105 -116 -190 26 224 27 -52 10 -59 -102 -6 -140 -189 -122 141 -22 -128 28 163 110 -223 -156 208 89 246 69 210 107 -26 -15 243 -94 -213 -180 -151 -31 -208 -222 -160 -211 171 222 -149 196 227 -135 218 116 23 219 114 -181 -131 234 225 194 155 -21 74 231 133 95 -55 -187 138 229 188 -220 168 85 -152 -50 199 -162 135 -37 51 59 -132 84 97 92 83 126 -229 -44 17 9 -224 152 -242 -198 -110 206 161 -163 178 61 -201 -74 -10 24 -80 -121 106 -54 -136 -16 -60 117 56 179 -123 172 221 220 -119 -14 5 37 248 -120 -127 -84 29 187 -51 81 -204 -174 -30 -99 230 143 111 181 -246 98 232 -12 -147 205 -67 102 154 -218 -41 -86 -24 -91 -214 -33 -56 -79 214 -25 -28 13 -5 -192 137 57 -139 240 63 32 236 -171 150 -93 -150 130 127 209 -159 44 -230 88 182 123 -133 203 65 54 -112 -245 -169 18 75 -109 -92 -247 189 192 -231 124 8 -18 93 112 -249 11 -46 145 136 156 82 239 101 158 -206 238 215 70 -13 -57 146 96 162 -238 87 -35 -117 -64 180 -193 4 -191 -177 -101 -248 41 31 167 121 55 241 249 -96 131 -182 -176 -235 -237 118 122 -227 60 -240 1 76 -157 38 16 -216 -179 184 -85 -241 235 165 -194 -17 -100 -38 36 151 140 94 -105 173 -118 -72 3 217 72 -70 200 14 -53 -2 -161 58 79 190 77 -7 -172 71 -19 6 21 -23 -148 46 7 -27 -250 -81 -154 50 -68 147 -125 -78 185 242 -239 
TEST 35 ARG:-12 214 106 109 16 -176 217 -24 87 -101 220 131 62 -71 -8 188 45 144 -31 -250 -117 -202 92 -124 5 -46 -196 -214 -4 6 170 53 -193 -10 -142 111 -19 -222 241 187 -159 -84 68 239 229 244 -178 -182 -205 -160 -28 121 -7 -220 -154 -26 50 102 118 -38 -206 47 0 -72 -109 231 130 -22 -103 -37 232 126 11 210 -204 -106 -88 93 141 114 -140 228 -68 -35 -161 29 -236 178 26 219 -232 -199 108 -33 -127 -131 169 89 185 20 -73 -211 -241 -221 33 -66 69 70 81 -179 -69 218 -94 223 -238 -47 -192 -112 99 115 -9 -203 -181 -97 -200 -189 -188 84 236 -225 -229 -166 -115 -152 -121 154 8 -217 -63 177 183 23 -164 211 66 96 -76 138 49 160 207 -54 80 -132 -62 4 -104 -70 -29 -11 36 -145 73 12 150 -30 14 -32 -185 98 -126 -129 -45 -169 156 206 -156 -99 -146 24 -173 86 119 94 196 -147 25 38 221 -213 -208 201 -6 13 -14 85 165 116 -237 222 132 42 40 104 -58 198 147 -87 10 22 51 -96 243 -105 41 157 75 171 -89 9 -141 -110 226 151 192 173 112 -190 -90 -57 -235 52 -243 -122 181 31 28 212 -207 -13 -77 -74 245 -116 -113 91 100 180 79 -41 120 -78 -209 -180 -40 59 240 199 1 -184 237 -44 110 -133 172 -135 127 -242 153 -149 216 35 3 -111 168 -174 -15 -230 -50 -119 -143 136 19 -67 -98 162 -158 -102 -157 -218 197 76 247 107 58 78 -201 -216 123 128 77 -240 103 97 -170 -3 63 129 209 182 44 67 18 -165 -150 -138 -5 -172 65 142 -34 -83 82 -52 -134 -231 -79 -48 -151 60 -248 205 -162 133 -1 57 -82 -36 137 227 -2 54 -155 203 134 -100 248 -53 74 155 -92 101 122 -123 -75 202 -51 -91 190 -118 21 83 -249 -16 -43 -226 152 176 48 149 125 -168 -61 39 -219 159 194 143 7 -233 -246 90 17 -39 246 124 105 -167 189 158 -175 95 34 -210 146 -128 -114 -223 -107 117 64 -136 -163 -239 46 -49 -81 -186 167 113 -183 -212 -64 -42 -59 -153 15 -120 -55 -27 -228 -139 184 -198 -125 -23 37 -177 -65 -144 30 -80 234 -137 166 145 200 -95 191 139 -56 -25 148 215 -195 32 224 -215 -234 225 -245 -171 242 -191 -21 -60 61 140 56 208 -130 -247 -194 204 164 55 -20 72 -85 213 43 175 -148 -17 179 135 -244 -224 27 230 -197 -18 88 -227 71 2 186 -108 -93 249 235 195 174 -187 238 233 163 -86 161 193 
TEST 36 ARG:-15 40 -146 107 -65 152 -155 39 -193 -161 189 186 -203 -49 8 110 -192 -169 26 122 198 19 0 157 143 117 50 -246 124 -120 -211 -199 -85 62 -103 47 -215 -136 -36 108 135 138 244 68 120 -97 131 -76 14 -55 -244 -11 49 -222 145 -139 -28 -38 -87 188 153 199 -216 -51 205 -56 29 -33 -164 123 243 -80 28 -127 -144 -58 55 -126 -149 184 36 208 -229 -6 -67 249 234 -8 -60 -184 -201 57 27 -20 -150 72 82 -167 7 -19 169 -178 216 88 60 77 70 146 65 133 -78 17 -176 -187 114 -214 -153 -173 -124 -88 247 229 95 -123 79 171 223 -62 173 170 73 -101 245 23 206 -198 224 -13 149 59 -9 220 187 -179 -32 -140 -105 -17 236 151 -134 15 12 58 -232 80 18 5 -52 -116 52 -194 -156 222 -191 -73 155 -96 163 109 238 -145 -221 -118 -4 -212 160 20 -170 175 -95 136 86 -35 101 -57 78 201 226 33 -142 -50 -45 -152 -84 239 -3 211 159 3 4 190 -114 -168 137 13 -238 148 182 128 -237 -69 64 25 48 -165 44 -208 127 202 -143 -89 -180 38 -10 -12 -34 2 214 111 -121 -160 -79 209 -29 -148 43 94 118 147 -163 -228 248 102 200 -133 -206 -117 99 -94 -109 51 -132 -227 -147 -14 -119 192 154 35 74 53 -22 -130 -189 24 242 45 235 -68 54 -90 134 -177 -204 -245 164 -202 168 -233 178 -223 -125 103 237 -137 -151 -66 130 -106 -59 -48 69 -23 76 -219 181 -197 -157 -26 174 -115 83 -27 104 93 -172 165 -210 232 156 -30 176 196 91 -128 67 56 -217 21 197 241 -113 -99 -138 -107 -74 228 37 -7 30 -226 112 180 -40 90 97 -83 -24 -104 -195 167 213 231 92 -110 129 -108 -39 141 100 16 31 -213 -102 -224 -186 10 75 -141 1 -131 -93 -225 -44 -249 139 204 71 -77 -196 217 32 144 9 22 150 203 -239 -112 -70 63 -159 115 -53 -250 132 -2 -91 142 -182 66 194 -81 -181 42 -16 225 -190 193 -61 166 -5 140 179 207 -207 227 -248 -71 246 158 -243 -75 177 -18 230 -43 -63 191 126 -25 -47 221 212 -135 -209 -111 218 87 -231 -236 -64 -220 -129 -234 61 96 -31 46 -37 116 -166 -21 219 119 -240 -188 121 -230 183 89 -235 -42 -171 -154 -218 -98 106 195 233 -72 172 -247 162 84 -41 215 -100 -205 210 125 6 -162 -86 85 -185 -200 -241 98 41 -175 -92 -54 -174 11 81 -242 -183 34 -122 -158 161 240 105 113 -1 -46 185 -82 
TEST 37 ARG:-109 146 178 -61 -203 117 -36 213 174 -238 17 190 168 85 -74 108 99 155 -101 3 -138 201 -142 -43 105 235 -81 -239 -62 9 72 27 -119 74 -84 -23 242 -111 -163 193 -181 -75 -192 -25 109 -108 -132 240 -39 -92 -104 -78 113 -48 -242 241 234 -19 180 -37 -86 102 218 52 200 -32 147 -221 -90 183 176 182 -93 136 49 -97 -124 -177 -211 56 217 -155 237 199 -113 145 142 -197 -8 -91 -233 91 64 197 -228 98 239 207 57 -245 231 167 107 -236 -137 -216 37 238 205 16 120 -11 -162 68 -154 36 173 -205 94 -234 112 -229 184 -130 -35 156 -151 181 75 46 -26 -160 -220 23 92 73 -246 67 126 -102 123 153 -47 219 -66 12 69 -30 114 -195 -28 -71 -179 -165 -213 -224 -40 -45 -157 -196 -237 -175 -100 48 137 21 -82 160 65 133 -42 228 225 149 78 -173 45 13 -201 246 77 -191 115 -18 -143 124 132 233 189 195 198 -1 216 -115 -64 -180 -194 -16 -27 28 -170 -121 44 -21 40 -69 -168 -126 134 -222 -117 39 170 -134 -212 -107 -215 144 42 -9 -89 -63 131 -230 -188 104 50 118 128 95 8 93 30 -149 125 224 122 -144 -22 187 -189 -244 211 -88 18 -106 121 -243 -68 119 19 10 -72 34 151 29 -87 41 -10 152 -198 -67 -240 192 -17 -248 -139 -232 -185 -14 143 82 -79 191 35 138 -12 4 -169 -164 53 -241 86 -193 159 -200 76 204 80 -202 -54 -98 -60 -141 -77 210 54 -223 165 -133 236 227 -112 -150 -94 -70 -56 -247 -116 -122 179 63 -182 66 -57 -29 -73 -123 177 229 139 -129 89 51 83 -44 -118 47 -140 103 157 -5 -114 116 -190 96 162 166 175 -159 127 -172 202 -128 -219 -85 -217 -103 -209 -235 7 209 6 -187 -15 -186 -55 158 -41 -24 232 -176 -6 11 -166 -148 -214 -147 222 -95 101 31 -156 25 129 -146 171 -153 55 -249 -33 -58 -38 -131 -178 -158 62 -208 -50 2 79 -83 111 -59 161 188 84 43 0 -206 212 26 38 186 206 -135 -80 -76 -250 214 -4 -171 -127 -96 -105 -13 -3 -225 87 148 97 -167 -207 -218 60 221 22 244 -227 110 150 -226 -184 -99 24 -31 -52 90 20 -53 194 154 58 130 -2 100 33 230 196 247 135 -20 245 5 243 -7 -65 220 -183 1 248 208 14 106 164 -152 141 61 -125 203 -199 -174 249 -34 70 -231 81 71 215 172 -46 163 59 226 -210 -145 -161 88 -110 -51 -204 -120 140 185 223 169 -49 15 32 -136 
TEST 38 ARG:-128 22 168 139 -235 -79 -132 -119 -181 126 85 -180 -28 67 -36 -49 129 248 -155 -67 -153 -38 -156 124 89 -51 -15 -45 -179 -87 -31 11 -83 107 32 -118 -240 35 -11 -48 -8 -221 -39 -217 180 -142 -230 127 -220 63 -178 217 -33 -176 -116 14 140 61 -138 3 247 15 186 -4 -219 -225 53 -190 -117 200 203 52 249 96 -150 -24 -96 -157 40 -59 -233 -25 -107 44 -127 -104 74 117 221 108 111 183 215 -9 162 178 195 163 -130 -18 -212 -99 -60 57 1 109 -223 -50 -206 194 -241 -52 48 193 54 -1 -47 98 233 93 30 190 10 34 -139 12 -23 -5 41 45 -242 155 174 -169 -239 241 16 65 102 232 86 216 103 228 153 -55 -161 -182 176 -16 -149 -188 -101 -91 27 -123 179 -103 -7 234 -245 -218 -131 115 -113 -160 18 -175 -12 -186 144 -147 72 199 207 -93 120 189 -21 134 51 -78 -159 -111 -30 113 -110 -246 204 114 -203 -63 33 -163 -81 -224 83 13 64 68 152 -84 56 -82 -154 21 245 -106 218 19 171 -136 4 112 73 224 151 9 -165 -200 -141 -215 130 121 -228 6 -249 -145 -97 -94 239 211 192 79 167 -168 118 -238 -199 -22 136 132 226 -34 -216 2 146 198 -57 69 -189 -6 78 -40 -247 143 -19 210 -53 214 -102 246 -43 66 23 -120 243 -208 -112 -173 -194 -125 -166 99 -140 145 62 -197 -191 84 -115 150 -121 -68 -193 -177 -10 8 185 -205 231 82 -71 208 -237 148 88 71 -61 -198 -211 -69 60 -201 -222 -234 -148 39 181 202 -64 209 -184 -229 116 90 49 125 230 -92 97 59 24 80 77 -144 -167 92 -187 -126 -143 182 196 191 173 133 29 -42 -80 -124 81 -2 223 -62 -108 -137 76 104 225 -100 -158 188 159 26 141 165 42 -35 -204 -248 236 110 38 -14 91 156 70 137 222 -37 -135 47 -171 135 -162 149 154 -44 17 -13 -146 -86 -98 142 -174 138 -214 -122 -54 161 128 235 177 -195 219 158 122 -105 119 -164 37 0 -213 -75 -232 31 -109 55 -88 -76 -207 240 -250 201 -244 -46 227 166 -85 -70 -90 -89 106 101 242 -192 95 205 -133 164 20 -152 147 -243 46 94 25 -129 -134 -170 87 131 -73 -114 206 244 169 -77 238 -172 -209 175 -227 -17 50 -95 212 229 170 36 -66 157 -58 -183 -74 -20 43 58 197 -210 172 75 184 187 -72 -236 160 -3 -202 105 213 -65 -56 7 -196 -29 -185 -151 100 -27 220 -226 -26 237 123 28 -41 5 -32 -231 
TEST 39 ARG:-223 -31 247 -212 -174 -188 78 59 74 117 134 -105 -82 73 173 206 58 -139 -39 -14 -52 -16 20 -197 -238 60 -17 -68 -8 -168 191 25 47 142 224 -9 119 223 136 -78 72 92 55 231 249 -57 -61 -148 -171 211 14 67 -42 151 196 177 219 -149 -130 65 150 -111 -182 77 135 -60 190 -222 -203 -128 86 248 -190 -25 -124 -249 146 -74 -77 -88 -237 147 218 -186 -113 107 5 -51 -7 -98 -189 44 116 -248 -194 123 -196 -208 -127 209 208 -227 -100 140 -114 -221 226 -209 80 -47 118 -143 -129 229 -69 -151 188 90 199 -24 -195 -117 -178 40 194 122 227 -72 -40 -49 -53 31 37 91 215 174 131 42 239 -234 96 -207 109 157 -217 -140 -54 -94 160 184 128 -179 -213 108 170 -144 -90 -247 228 -18 -180 -35 93 1 -214 130 238 189 152 61 182 36 -183 -107 50 -79 197 -118 -121 -86 12 -97 52 -92 -36 175 71 -58 -181 213 -184 -91 105 -85 -115 -29 -164 66 35 -13 -216 -131 -162 112 -46 -224 198 235 39 -137 -67 245 212 202 165 204 -70 -71 -167 106 -250 -112 63 7 126 -75 -38 103 -99 185 145 -62 -233 10 95 153 207 171 6 -33 23 24 -169 -116 81 33 236 -87 149 159 -202 133 56 -11 -21 124 104 22 -158 -59 183 79 156 214 163 -211 64 240 -210 82 113 0 169 -126 49 230 -19 143 -173 13 94 18 -235 114 -228 176 -45 203 137 -132 -1 -147 167 138 -6 -166 125 -153 -157 84 -89 -110 -84 -155 -56 -73 -3 101 -165 57 111 99 233 62 -192 -66 -122 179 -204 -200 30 -125 19 -176 220 -138 195 234 3 -152 89 -120 -218 -43 -20 -119 -15 221 -10 180 -185 -206 76 75 100 -81 4 -76 187 -150 161 158 -101 120 243 148 -232 -220 70 28 -28 192 -102 -246 -239 69 -177 -2 -55 144 21 115 8 -154 162 141 -172 -240 -163 -170 97 -241 -244 -5 -226 15 -37 -48 -44 -199 34 -4 45 -198 168 139 154 193 -175 200 -242 -142 164 121 29 -161 216 205 51 41 -136 -236 -41 17 -30 -145 98 32 -134 -23 -141 -109 53 -65 129 -27 11 102 -63 181 201 2 -201 -96 166 127 222 -225 225 172 -243 48 -187 87 217 -229 -12 85 38 244 68 27 241 -160 -32 -156 -26 88 -191 155 -103 178 -95 -133 9 -83 54 26 -193 232 -215 186 -104 -22 83 -245 -219 -50 -123 -80 132 -205 -231 237 46 -64 110 242 -230 -106 -108 -34 246 -93 -135 43 210 16 -159 -146 
TEST 40 ARG:231 166 233 -74 -109 -210 -172 25 40 190 -75 -167 -80 -137 126 57 -107 -2 -205 -99 58 168 -147 -49 -220 -11 -68 9 130 191 -30 -13 -35 -163 145 -194 -215 31 183 -233 201 13 138 -79 -249 -236 247 229 182 28 -228 173 -176 -207 -76 -155 116 -211 177 246 -218 -222 -5 197 10 7 -94 3 178 47 -213 203 -25 -121 -168 -66 -42 150 205 -132 21 -8 -9 62 219 -197 5 200 180 92 103 179 -130 -198 -21 -112 -178 -129 -86 149 -138 88 44 -115 54 108 32 -15 -202 74 -227 42 157 -18 85 -157 -6 -128 113 78 -195 51 129 -232 -216 86 33 -229 172 -29 153 -199 60 -241 0 -31 142 -104 -192 -62 -240 -191 194 -65 56 176 -24 225 49 174 39 -145 -101 -127 192 -174 11 -154 -181 -108 154 -46 -184 238 155 198 -47 -162 2 19 237 -45 38 208 -193 -134 -135 -100 -41 141 46 36 -87 158 211 -156 50 189 140 162 24 105 -146 -3 139 1 125 -84 -59 -102 164 204 -72 83 104 -173 -57 218 -27 146 209 -160 214 -190 -48 66 -142 48 -89 -123 135 -122 -22 -69 -124 -171 59 -150 -224 -7 -23 -164 -183 -244 -231 202 -16 -10 -221 94 114 -81 188 95 151 -238 -88 -230 111 109 26 181 -26 102 107 -203 52 93 -32 -92 -201 241 22 -131 18 65 -186 -152 207 -14 -73 -12 -103 206 -39 122 -166 123 -96 -170 -217 99 -177 -63 -136 -161 -106 -91 121 -93 -4 -52 175 -43 -206 124 -90 -212 185 -114 -50 143 82 216 248 220 64 196 -245 68 37 101 -144 14 212 -209 -120 -189 128 67 167 -85 -185 -219 -58 -95 -179 17 159 117 -208 187 240 -44 215 -54 -226 -113 131 232 224 87 133 -98 -53 100 -165 -1 -182 243 -105 27 -250 115 8 186 -111 -17 -125 23 -169 -140 217 84 222 -223 -149 239 -33 80 170 136 -61 -110 55 61 63 69 15 90 -19 6 127 -55 242 -40 -225 -239 134 29 -214 75 -158 -36 91 213 -60 81 171 132 43 16 -242 -56 244 165 41 227 112 -37 -248 20 249 144 234 -133 137 -141 156 -119 163 -187 71 147 -28 -188 70 98 -200 184 79 73 245 228 76 -175 148 -180 -78 -71 -70 4 12 -20 106 161 -235 96 -118 193 -77 -151 34 -159 -126 -139 -82 35 -196 97 -64 30 -153 223 -117 -148 169 -246 77 119 230 -143 45 236 226 89 -237 -116 118 53 -83 -34 -243 221 -67 160 199 152 -97 -204 -247 210 110 -234 -51 235 195 72 -38 120 
TEST 41 ARG:-133 -151 140 -158 139 -246 63 -223 -110 54 -76 31 -147 -67 -188 119 52 -181 102 144 156 -143 -221 236 3 -42 66 75 227 131 -62 -56 81 -176 14 -30 1 -107 -41 147 -215 27 97 -162 -219 -187 85 203 -233 -57 -232 130 136 -19 -71 -207 -220 60 -122 -174 55 -72 154 249 -22 -34 -238 -191 -54 177 -111 -132 170 -65 132 -141 -224 -114 -92 59 161 239 103 73 164 -117 10 -29 -222 32 178 89 188 126 93 65 87 -106 -94 -237 -177 -170 -69 206 -8 233 7 -156 -45 235 -98 -183 123 -90 238 143 185 225 61 -60 124 30 12 -27 142 106 -113 95 -157 -20 -229 199 9 57 222 247 -24 -236 151 -112 -104 -102 163 16 -213 -93 -124 205 -241 182 -243 138 -26 -47 152 -37 -192 -5 -180 104 101 -115 -136 -61 192 190 160 -228 -64 42 153 229 -202 186 -138 76 -185 114 -48 -217 184 96 169 218 -227 62 200 -38 112 209 231 -52 -168 39 -153 -139 220 201 -2 -244 210 -150 223 -200 246 25 -218 -198 155 -66 116 226 -44 69 175 91 -49 -16 174 -225 50 -179 -203 64 162 118 234 -11 -159 -190 -6 125 219 232 -155 108 -15 -195 43 -129 -12 -152 53 -81 -199 137 121 -50 145 173 166 -79 204 -166 -109 230 5 -197 -9 -231 -189 -210 68 -103 -164 181 77 17 202 197 80 122 -248 -250 141 105 6 111 -161 100 -91 -214 -84 -131 196 -154 113 -59 18 -167 -101 13 88 34 -18 -78 -209 -23 158 -130 171 -31 83 120 -142 -245 -126 -171 208 -74 -144 -206 -234 90 -105 107 183 94 29 -100 -89 -95 213 -240 -204 58 -235 128 110 -160 242 -247 -58 212 -46 -140 -208 -242 -21 -169 180 -13 56 191 -70 82 176 -96 -87 -4 26 207 -186 -134 241 -68 211 19 -148 -127 86 -121 4 -51 167 -77 40 -63 72 245 -178 -43 11 134 33 -119 198 -14 -212 67 71 -146 224 146 -194 -35 -205 49 193 115 2 -165 -25 135 157 194 74 -128 -182 237 148 20 -17 -201 -125 129 133 150 228 36 216 -40 -175 248 159 51 46 -7 92 -39 -83 23 -86 47 179 -230 -135 -3 24 -116 -216 117 35 -82 79 -149 -137 -28 -33 -123 217 215 -1 -118 214 22 -88 37 21 244 -193 98 -99 -55 38 -73 -120 -145 -75 187 -211 240 195 168 221 -32 78 -184 0 -108 -85 84 -53 -172 41 172 48 15 -239 -36 28 70 165 243 -226 149 45 -196 127 -173 -80 109 -10 8 -249 189 -163 -97 99 44 
TEST 42 ARG:162 168 -23 -198 73 129 -53 -48 37 100 -144 224 -93 185 194 -230 102 130 142 243 -212 97 156 -203 241 -248 99 11 -110 3 -169 -191 -34 117 -243 -101 32 141 -77 167 -222 196 12 -26 16 118 35 84 125 206 -117 83 126 -182 -96 220 -51 -231 52 -165 -176 -95 235 163 -92 -20 209 38 -200 0 -139 -99 96 55 -161 -217 -225 157 -238 27 -86 122 6 -159 28 222 91 30 215 -75 201 -215 -167 -87 -140 -220 -210 -232 -81 -66 -3 182 -189 -146 -221 -114 -122 -70 161 -162 152 119 -11 176 -241 -126 19 170 210 -15 89 -171 -57 115 246 49 -7 -43 -184 -56 -13 190 69 -1 183 124 227 -129 41 57 112 79 63 134 139 21 187 80 248 -177 -244 -178 -152 219 66 249 198 -168 -10 -190 -205 -237 33 -44 -36 54 -201 245 82 -183 -46 -24 143 -128 8 67 207 204 -142 -119 -98 60 -193 90 123 78 146 -41 106 -179 -242 14 -166 24 1 -204 202 214 -32 59 85 223 2 72 -239 -89 195 -111 -94 -29 107 189 -2 -186 -245 121 51 199 -137 -130 -64 -8 114 -113 -149 -55 58 74 -218 180 -17 -35 -141 -82 175 145 -85 -145 17 -72 132 -69 98 -164 -213 205 61 45 -27 -211 155 133 -40 229 26 94 -91 81 -68 -207 171 193 240 -185 -249 -104 238 135 221 148 -37 191 -170 -108 -79 -199 71 -120 128 -228 -192 -12 -105 -116 -5 20 40 -4 -135 -187 39 177 -22 -208 -90 213 75 -14 150 -175 -76 87 -132 -155 -59 -118 -154 -196 -50 169 36 -153 4 239 136 -236 77 237 -233 -100 144 230 -28 86 -148 50 208 233 93 -133 18 -227 181 -60 160 -107 -45 232 -134 -138 -63 -202 64 -102 -103 104 -112 -21 154 70 137 -124 105 -174 7 -247 -18 -160 88 95 -234 -19 56 179 -78 -65 -172 -229 13 -219 -42 -106 -223 -156 166 46 109 -47 42 -58 -16 29 -84 212 101 -216 65 -214 62 48 -250 218 236 120 138 184 -6 -194 -80 116 -49 174 228 -83 10 164 217 153 -188 158 165 -143 242 -9 186 159 -151 -180 -157 140 -74 197 147 172 247 -38 -54 -121 178 47 92 234 113 -88 -52 192 -115 -127 44 25 22 203 -125 216 -71 68 43 -123 9 -235 -246 -25 127 211 108 131 -109 -197 200 -158 -226 188 110 5 -206 -67 23 15 151 -195 -97 -163 -240 -131 149 -61 -33 103 -62 53 111 231 -150 -147 226 76 -39 -31 -73 34 -181 -136 31 -30 244 173 -224 225 -209 -173 
